23.533333333333335
17.4
5.466666666666667
29.333333333333332
14.8
12.8
37.53333333333333
7.866666666666666
9.733333333333333
32.46666666666667
22.8
1.8
21.333333333333332
5.533333333333333
5.933333333333334
26.733333333333334
3.3333333333333335
31.0
8.866666666666667
1.9333333333333333
6.933333333333334
24.933333333333334
2.933333333333333
6.466666666666667
15.133333333333333
3.1333333333333333
20.866666666666667
13.466666666666667
11.666666666666666
34.93333333333333
7.4
26.0
3.3333333333333335
53.733333333333334
3.8
20.666666666666668
12.2
0.8
32.86666666666667
5.4
23.866666666666667
4.533333333333333
51.46666666666667
10.6
10.266666666666667
9.8
26.2
2.2
73.66666666666667
14.533333333333333
3.3333333333333335
2.8666666666666667
5.2
14.666666666666666
5.8
15.733333333333333
10.333333333333334
3.2
7.866666666666666
1.5333333333333334
22.466666666666665
12.466666666666667
3.2666666666666666
10.666666666666666
48.6
3.6666666666666665
9.266666666666667
8.933333333333334
24.533333333333335
8.0
3.8
15.266666666666667
11.933333333333334
12.666666666666666
16.6
5.266666666666667
24.2
6.533333333333333
9.2
4.6
14.2
2.6666666666666665
18.533333333333335
2.066666666666667
9.0
2.466666666666667
19.733333333333334
8.6
18.466666666666665
9.8
24.333333333333332
3.3333333333333335
15.066666666666666
7.266666666666667
20.866666666666667
13.333333333333334
9.133333333333333
37.13333333333333
2.066666666666667
15.933333333333334
3.0
7.733333333333333
2.466666666666667
0.5333333333333333
10.0
4.866666666666666
11.866666666666667
2.7333333333333334
18.266666666666666
21.466666666666665
16.2
46.13333333333333
12.666666666666666
7.4
13.333333333333334
4.933333333333334
5.666666666666667
1.4
6.266666666666667
2.2666666666666666
5.533333333333333
14.133333333333333
18.066666666666666
29.866666666666667
39.13333333333333
13.0
1.7333333333333334
44.666666666666664
3.066666666666667
0.06666666666666667
9.066666666666666
4.933333333333334
7.333333333333333
10.466666666666667
1.8
9.333333333333334
5.266666666666667
19.333333333333332
3.0
4.933333333333334
15.2
11.133333333333333
21.0
19.666666666666668
1.6666666666666667
10.533333333333333
6.2
14.0
21.533333333333335
13.6
9.8
3.8
18.8
21.866666666666667
9.0
6.866666666666666
3.6
10.066666666666666
14.266666666666667
29.8
23.733333333333334
36.53333333333333
6.533333333333333
9.8
3.1333333333333333
16.333333333333332
58.0
8.8
14.533333333333333
15.666666666666666
27.333333333333332
10.8
18.0
1.8
65.53333333333333
1.8
5.933333333333334
22.0
24.466666666666665
5.866666666666666
29.133333333333333
25.8
2.1333333333333333
10.266666666666667
6.466666666666667
7.6
11.4
8.466666666666667
1.0
32.2
8.866666666666667
4.8
60.666666666666664
3.1333333333333333
40.0
33.53333333333333
4.533333333333333
8.8
6.733333333333333
17.066666666666666
4.6
21.266666666666666
7.466666666666667
18.333333333333332
12.466666666666667
10.333333333333334
3.2
10.466666666666667
2.6
19.666666666666668
37.8
13.4
9.6
7.4
13.933333333333334
0.9333333333333333
49.46666666666667
11.733333333333333
21.466666666666665
31.266666666666666
17.533333333333335
11.2
28.466666666666665
55.266666666666666
18.2
9.733333333333333
10.2
11.866666666666667
8.466666666666667
5.8
9.133333333333333
44.4
1.1333333333333333
6.133333333333334
28.6
43.53333333333333
24.666666666666668
13.466666666666667
5.933333333333334
12.0
3.1333333333333333
7.4
14.8
16.666666666666668
1.8
18.866666666666667
16.666666666666668
3.2666666666666666
75.73333333333333
4.933333333333334
13.6
35.53333333333333
16.133333333333333
9.2
18.4
6.266666666666667
12.066666666666666
21.333333333333332
19.733333333333334
15.6
0.5333333333333333
18.666666666666668
13.866666666666667
2.466666666666667
16.066666666666666
13.466666666666667
3.7333333333333334
38.333333333333336
17.933333333333334
17.866666666666667
3.2666666666666666
14.133333333333333
21.666666666666668
13.8
7.333333333333333
1.3333333333333333
6.466666666666667
11.533333333333333
24.866666666666667
5.733333333333333
17.733333333333334
8.866666666666667
3.2
10.6
1.2
4.666666666666667
6.466666666666667
1.8666666666666667
5.933333333333334
6.533333333333333
9.4
17.0
9.2
2.6
9.466666666666667
17.133333333333333
7.266666666666667
1.6
1.2666666666666666
13.266666666666667
19.466666666666665
6.666666666666667
4.0
11.8
13.0
16.666666666666668
7.4
19.266666666666666
1.2666666666666666
16.8
1.0
10.666666666666666
5.533333333333333
13.466666666666667
9.2
13.8
4.2
13.6
4.333333333333333
2.2666666666666666
2.8
2.2
10.266666666666667
2.066666666666667
1.9333333333333333
4.866666666666666
9.2
5.866666666666666
9.266666666666667
3.466666666666667
1.0
19.533333333333335
26.866666666666667
7.4
16.466666666666665
8.466666666666667
8.666666666666666
20.666666666666668
4.733333333333333
4.933333333333334
6.333333333333333
29.6
29.6
7.266666666666667
5.6
8.066666666666666
9.6
32.0
22.133333333333333
2.1333333333333333
21.533333333333335
21.2
10.066666666666666
12.533333333333333
2.933333333333333
16.866666666666667
9.6
19.933333333333334
9.933333333333334
54.733333333333334
1.9333333333333333
7.866666666666666
8.133333333333333
47.333333333333336
26.8
25.6
3.6666666666666665
44.4
19.0
2.4
0.6
10.133333333333333
34.666666666666664
36.266666666666666
30.6
4.266666666666667
13.133333333333333
4.8
1.0
4.266666666666667
7.4
1.7333333333333334
74.53333333333333
17.666666666666668
12.466666666666667
12.533333333333333
12.266666666666667
2.466666666666667
18.866666666666667
17.4
2.7333333333333334
11.866666666666667
7.4
21.666666666666668
10.2
14.666666666666666
38.8
3.066666666666667
0.3333333333333333
11.733333333333333
3.6666666666666665
27.4
12.133333333333333
13.8
11.066666666666666
38.266666666666666
18.133333333333333
11.933333333333334
0.6666666666666666
5.733333333333333
10.666666666666666
9.333333333333334
13.266666666666667
13.4
13.666666666666666
2.3333333333333335
28.133333333333333
5.933333333333334
0.6
13.666666666666666
1.6
5.6
2.0
5.933333333333334
20.066666666666666
16.866666666666667
38.4
10.866666666666667
14.4
13.733333333333333
10.866666666666667
3.3333333333333335
114.4
11.333333333333334
34.46666666666667
34.46666666666667
6.0
21.733333333333334
1.2
1.8666666666666667
10.866666666666667
41.0
18.266666666666666
10.133333333333333
7.2
5.866666666666666
31.0
13.6
6.866666666666666
4.6
3.7333333333333334
16.533333333333335
3.933333333333333
17.333333333333332
4.466666666666667
16.666666666666668
8.333333333333334
7.866666666666666
5.733333333333333
7.066666666666666
16.666666666666668
2.8666666666666667
35.6
21.4
48.0
7.533333333333333
1.7333333333333334
55.0
32.8
15.666666666666666
5.933333333333334
13.066666666666666
21.2
12.933333333333334
26.933333333333334
1.3333333333333333
11.4
10.2
7.666666666666667
9.866666666666667
4.6
26.2
14.266666666666667
19.466666666666665
5.0
2.533333333333333
12.2
12.866666666666667
10.066666666666666
17.866666666666667
0.6666666666666666
2.066666666666667
2.8666666666666667
14.733333333333333
32.93333333333333
7.466666666666667
28.0
18.2
19.533333333333335
6.266666666666667
26.733333333333334
4.6
4.066666666666666
52.666666666666664
13.266666666666667
4.666666666666667
3.8666666666666667
6.8
23.066666666666666
37.93333333333333
17.733333333333334
25.733333333333334
51.266666666666666
19.866666666666667
6.733333333333333
5.266666666666667
7.6
27.066666666666666
36.53333333333333
3.066666666666667
2.8666666666666667
4.2
10.2
17.933333333333334
4.4
4.733333333333333
2.8666666666666667
18.466666666666665
12.2
20.2
14.6
18.8
27.133333333333333
32.53333333333333
35.06666666666667
2.533333333333333
11.266666666666667
31.8
7.8
24.133333333333333
37.733333333333334
26.333333333333332
14.2
13.533333333333333
38.46666666666667
2.0
43.46666666666667
46.2
18.933333333333334
109.6
3.8666666666666667
8.0
1.9333333333333333
64.8
10.2
11.466666666666667
40.13333333333333
17.0
12.8
22.8
23.333333333333332
8.8
22.8
1.9333333333333333
43.6
9.866666666666667
2.2
18.2
8.2
16.6
11.8
8.266666666666667
14.066666666666666
2.933333333333333
24.0
29.066666666666666
2.933333333333333
28.533333333333335
2.6
4.666666666666667
1.0666666666666667
2.1333333333333333
6.733333333333333
2.7333333333333334
13.0
6.466666666666667
5.533333333333333
16.266666666666666
10.333333333333334
9.8
14.333333333333334
1.2666666666666666
10.2
5.0
25.066666666666666
2.066666666666667
11.266666666666667
8.4
4.866666666666666
10.466666666666667
11.466666666666667
5.733333333333333
10.266666666666667
13.2
0.06666666666666667
13.6
46.13333333333333
6.666666666666667
7.4
2.0
7.533333333333333
21.2
10.466666666666667
40.13333333333333
6.6
9.533333333333333
11.866666666666667
3.066666666666667
16.466666666666665
27.266666666666666
30.466666666666665
11.533333333333333
5.866666666666666
5.933333333333334
5.666666666666667
13.066666666666666
21.066666666666666
2.3333333333333335
35.13333333333333
43.4
6.133333333333334
2.0
4.333333333333333
0.6
53.93333333333333
8.333333333333334
17.0
1.6
10.733333333333333
1.8
5.466666666666667
4.2
16.466666666666665
13.266666666666667
4.733333333333333
15.0
23.666666666666668
0.3333333333333333
7.4
5.266666666666667
5.266666666666667
11.4
17.666666666666668
44.13333333333333
12.666666666666666
17.133333333333333
3.8
47.666666666666664
1.4666666666666666
24.066666666666666
24.333333333333332
2.4
1.2666666666666666
19.333333333333332
3.1333333333333333
6.6
11.266666666666667
19.533333333333335
4.0
11.8
11.066666666666666
15.066666666666666
3.066666666666667
6.866666666666666
24.0
23.866666666666667
11.333333333333334
3.466666666666667
4.2
31.866666666666667
16.866666666666667
28.666666666666668
64.46666666666667
21.733333333333334
8.0
21.133333333333333
14.266666666666667
52.8
3.8
22.866666666666667
2.1333333333333333
15.333333333333334
4.866666666666666
2.7333333333333334
26.133333333333333
2.533333333333333
35.46666666666667
22.0
6.066666666666666
5.266666666666667
8.733333333333333
10.933333333333334
6.2
2.8666666666666667
9.933333333333334
17.2
41.266666666666666
5.4
2.2
3.066666666666667
27.333333333333332
12.933333333333334
0.7333333333333333
7.866666666666666
70.06666666666666
9.333333333333334
14.8
16.933333333333334
20.866666666666667
8.4
8.933333333333334
13.6
1.3333333333333333
22.266666666666666
8.0
13.4
9.2
2.2666666666666666
9.066666666666666
31.733333333333334
15.933333333333334
1.6
20.333333333333332
13.2
7.2
9.266666666666667
12.066666666666666
51.6
28.866666666666667
5.0
11.133333333333333
15.733333333333333
4.466666666666667
11.733333333333333
5.733333333333333
19.2
12.333333333333334
3.4
24.0
20.0
26.066666666666666
8.266666666666667
2.6
9.133333333333333
6.333333333333333
11.733333333333333
3.8666666666666667
9.066666666666666
36.6
13.933333333333334
1.9333333333333333
5.066666666666666
7.866666666666666
19.666666666666668
0.8
3.8
67.06666666666666
17.933333333333334
15.333333333333334
70.53333333333333
10.8
17.6
1.7333333333333334
2.1333333333333333
3.7333333333333334
0.06666666666666667
18.333333333333332
35.2
8.733333333333333
5.4
20.333333333333332
31.666666666666668
61.13333333333333
12.933333333333334
10.533333333333333
19.466666666666665
17.533333333333335
2.933333333333333
1.2
23.8
17.933333333333334
13.733333333333333
1.7333333333333334
16.733333333333334
7.933333333333334
3.4
22.133333333333333
7.466666666666667
14.333333333333334
9.866666666666667
8.466666666666667
6.533333333333333
10.933333333333334
8.4
5.4
2.933333333333333
7.0
4.333333333333333
14.0
6.4
14.2
37.4
12.666666666666666
23.933333333333334
20.8
25.066666666666666
5.666666666666667
2.8
2.1333333333333333
12.2
18.533333333333335
20.466666666666665
2.533333333333333
2.2
4.133333333333334
20.733333333333334
7.6
1.6666666666666667
18.733333333333334
5.733333333333333
35.46666666666667
37.4
12.2
59.4
10.333333333333334
3.466666666666667
5.0
12.666666666666666
10.333333333333334
5.066666666666666
45.666666666666664
12.533333333333333
4.933333333333334
12.933333333333334
0.8
12.533333333333333
37.53333333333333
8.866666666666667
5.0
11.533333333333333
27.0
24.0
15.8
11.133333333333333
26.666666666666668
7.8
72.46666666666667
24.266666666666666
8.933333333333334
10.866666666666667
5.2
15.066666666666666
4.8
87.0
13.2
9.6
7.866666666666666
16.2
13.866666666666667
3.8
21.266666666666666
56.46666666666667
9.6
7.666666666666667
2.0
38.2
17.333333333333332
16.733333333333334
5.733333333333333
9.0
36.333333333333336
3.0
35.46666666666667
18.466666666666665
11.533333333333333
5.0
31.8
11.933333333333334
2.2666666666666666
3.533333333333333
3.066666666666667
2.0
7.4
3.8
21.066666666666666
25.466666666666665
24.533333333333335
7.6
0.06666666666666667
3.6
8.6
4.4
17.133333333333333
3.066666666666667
7.2
19.4
55.53333333333333
1.7333333333333334
7.4
16.266666666666666
8.933333333333334
17.466666666666665
18.2
39.266666666666666
12.6
11.133333333333333
9.266666666666667
14.4
11.2
13.266666666666667
8.0
2.2
12.066666666666666
13.4
16.466666666666665
11.933333333333334
38.266666666666666
34.8
11.066666666666666
29.2
9.733333333333333
13.533333333333333
2.2
8.8
20.933333333333334
28.666666666666668
1.4666666666666666
29.533333333333335
10.666666666666666
2.7333333333333334
33.6
20.0
10.866666666666667
25.4
3.0
3.7333333333333334
33.0
15.333333333333334
5.733333333333333
10.8
13.733333333333333
22.466666666666665
3.6666666666666665
11.266666666666667
35.333333333333336
14.0
3.3333333333333335
13.066666666666666
4.4
18.466666666666665
7.333333333333333
4.066666666666666
12.6
17.933333333333334
40.13333333333333
11.333333333333334
14.133333333333333
2.0
1.7333333333333334
11.466666666666667
15.8
12.466666666666667
0.9333333333333333
5.733333333333333
12.666666666666666
10.933333333333334
7.4
2.2666666666666666
9.6
19.733333333333334
23.8
28.733333333333334
3.4
10.666666666666666
4.4
11.6
17.933333333333334
38.06666666666667
16.2
66.13333333333334
10.133333333333333
13.2
65.46666666666667
9.333333333333334
36.733333333333334
29.8
29.666666666666668
5.533333333333333
44.6
15.066666666666666
