1.8
3.6
10.533333333333333
5.466666666666667
3.2666666666666666
4.2
4.333333333333333
1.8666666666666667
4.933333333333334
2.8666666666666667
3.2666666666666666
5.666666666666667
2.066666666666667
12.466666666666667
3.466666666666667
3.4
10.733333333333333
9.933333333333334
0.8
4.4
4.666666666666667
3.1333333333333333
1.6
8.2
7.866666666666666
5.066666666666666
7.333333333333333
14.2
4.733333333333333
4.2
5.4
4.866666666666666
3.8
1.8
6.333333333333333
4.4
2.0
6.6
2.8666666666666667
2.2
3.533333333333333
18.733333333333334
8.266666666666667
2.8
3.6666666666666665
4.266666666666667
3.8666666666666667
3.6666666666666665
8.266666666666667
4.733333333333333
8.133333333333333
3.466666666666667
2.533333333333333
6.866666666666666
2.6
15.266666666666667
8.4
14.533333333333333
2.066666666666667
1.4666666666666666
3.7333333333333334
5.333333333333333
7.2
3.6
2.066666666666667
3.8666666666666667
2.7333333333333334
4.666666666666667
5.2
5.733333333333333
6.066666666666666
2.6666666666666665
2.6
3.066666666666667
4.466666666666667
6.8
2.466666666666667
4.333333333333333
4.666666666666667
4.666666666666667
2.8
3.933333333333333
0.6666666666666666
2.2666666666666666
8.333333333333334
7.2
9.866666666666667
3.533333333333333
2.8666666666666667
6.666666666666667
4.6
7.533333333333333
3.8666666666666667
2.066666666666667
6.2
6.4
7.8
5.2
10.866666666666667
4.666666666666667
3.2
5.133333333333334
13.0
3.466666666666667
2.8
10.933333333333334
3.933333333333333
1.7333333333333334
12.6
2.533333333333333
3.533333333333333
5.333333333333333
12.133333333333333
2.6
2.7333333333333334
2.8
1.2
1.3333333333333333
4.933333333333334
4.0
2.2
2.7333333333333334
8.8
5.133333333333334
5.066666666666666
3.2
4.133333333333334
2.466666666666667
11.933333333333334
2.1333333333333333
3.8666666666666667
5.333333333333333
2.6
3.466666666666667
3.8
10.666666666666666
2.2
5.066666666666666
3.1333333333333333
9.8
9.4
3.533333333333333
1.8666666666666667
4.133333333333334
7.8
12.0
4.0
11.866666666666667
2.533333333333333
5.133333333333334
4.866666666666666
5.0
1.9333333333333333
6.0
7.933333333333334
2.3333333333333335
10.6
4.4
26.133333333333333
1.2
3.1333333333333333
3.0
0.3333333333333333
2.8
0.7333333333333333
4.533333333333333
7.266666666666667
3.066666666666667
2.466666666666667
3.533333333333333
4.133333333333334
7.866666666666666
2.6666666666666665
10.733333333333333
1.2
8.133333333333333
3.3333333333333335
11.666666666666666
3.1333333333333333
4.733333333333333
2.8
9.266666666666667
8.066666666666666
2.466666666666667
1.8666666666666667
5.4
9.133333333333333
7.533333333333333
2.066666666666667
3.2
10.866666666666667
6.6
5.133333333333334
3.1333333333333333
4.6
1.4666666666666666
4.466666666666667
5.0
3.1333333333333333
8.0
5.933333333333334
4.733333333333333
8.4
2.2
2.8
2.0
2.2
4.866666666666666
3.2
7.4
8.066666666666666
7.866666666666666
1.8
6.066666666666666
5.6
2.8
4.466666666666667
0.8666666666666667
4.466666666666667
2.6
4.0
7.133333333333334
4.6
2.8
8.2
1.9333333333333333
4.666666666666667
2.8666666666666667
3.0
1.9333333333333333
2.8
16.066666666666666
2.4
4.066666666666666
4.866666666666666
4.866666666666666
2.3333333333333335
3.066666666666667
3.466666666666667
8.466666666666667
8.4
2.0
2.2
2.1333333333333333
2.8666666666666667
2.8
4.466666666666667
1.7333333333333334
4.933333333333334
4.066666666666666
3.466666666666667
12.6
5.0
4.466666666666667
7.8
12.133333333333333
5.266666666666667
2.7333333333333334
6.0
3.4
7.2
2.8
2.3333333333333335
9.466666666666667
6.2
4.933333333333334
6.133333333333334
3.533333333333333
6.066666666666666
2.6
5.466666666666667
1.9333333333333333
4.066666666666666
2.933333333333333
10.266666666666667
6.733333333333333
11.066666666666666
22.533333333333335
9.133333333333333
4.266666666666667
9.266666666666667
7.866666666666666
3.933333333333333
20.133333333333333
6.2
15.0
5.133333333333334
9.733333333333333
4.066666666666666
12.933333333333334
5.733333333333333
12.4
4.0
3.6
3.2666666666666666
4.8
3.533333333333333
3.0
4.6
2.466666666666667
2.6
3.4
5.733333333333333
4.8
9.333333333333334
2.1333333333333333
2.466666666666667
2.2
7.933333333333334
5.266666666666667
2.7333333333333334
8.933333333333334
6.533333333333333
3.4
1.5333333333333334
3.533333333333333
9.0
3.933333333333333
8.2
4.6
5.0
4.066666666666666
3.3333333333333335
2.2666666666666666
5.0
2.8
8.533333333333333
1.6
8.733333333333333
1.6666666666666667
3.2
2.6
8.333333333333334
4.333333333333333
5.866666666666666
9.533333333333333
2.8666666666666667
4.8
3.6
7.0
10.0
3.2666666666666666
2.3333333333333335
3.8666666666666667
5.2
13.0
4.666666666666667
1.3333333333333333
2.1333333333333333
3.6666666666666665
16.8
4.6
3.533333333333333
8.0
0.6
14.666666666666666
3.6666666666666665
3.066666666666667
6.2
5.466666666666667
1.8666666666666667
5.933333333333334
5.866666666666666
7.533333333333333
6.333333333333333
3.6
5.533333333333333
1.6666666666666667
4.4
3.533333333333333
6.6
3.2
5.333333333333333
4.6
2.466666666666667
6.133333333333334
6.066666666666666
2.7333333333333334
4.466666666666667
3.2666666666666666
3.6
3.6666666666666665
7.266666666666667
4.466666666666667
3.466666666666667
4.6
5.8
2.1333333333333333
5.066666666666666
11.533333333333333
3.466666666666667
8.266666666666667
7.333333333333333
2.7333333333333334
3.7333333333333334
5.8
7.466666666666667
7.4
3.8666666666666667
2.2666666666666666
5.866666666666666
3.466666666666667
3.2
2.8666666666666667
2.466666666666667
5.533333333333333
8.133333333333333
2.933333333333333
5.933333333333334
6.6
5.933333333333334
4.2
2.6
2.8666666666666667
6.733333333333333
3.1333333333333333
1.8
2.3333333333333335
1.6666666666666667
4.133333333333334
10.933333333333334
5.8
7.8
4.2
9.2
2.0
1.5333333333333334
5.733333333333333
3.066666666666667
3.7333333333333334
7.933333333333334
4.533333333333333
6.466666666666667
7.133333333333334
1.9333333333333333
5.0
3.7333333333333334
6.533333333333333
4.933333333333334
8.2
2.4
1.8
1.1333333333333333
1.0
3.066666666666667
1.8
3.8
3.4
5.066666666666666
2.8666666666666667
8.466666666666667
3.0
9.0
9.266666666666667
7.133333333333334
6.0
4.333333333333333
3.533333333333333
2.1333333333333333
5.733333333333333
2.0
3.1333333333333333
5.333333333333333
5.0
12.6
3.933333333333333
9.133333333333333
2.466666666666667
0.06666666666666667
3.2666666666666666
4.733333333333333
14.466666666666667
4.133333333333334
2.933333333333333
7.266666666666667
13.733333333333333
9.2
4.666666666666667
9.333333333333334
4.466666666666667
4.2
5.6
7.4
8.133333333333333
4.866666666666666
5.866666666666666
4.533333333333333
4.733333333333333
4.933333333333334
7.8
7.6
4.4
1.9333333333333333
4.933333333333334
5.933333333333334
9.266666666666667
2.6
3.8666666666666667
1.4666666666666666
7.6
3.066666666666667
10.8
10.066666666666666
9.066666666666666
4.733333333333333
6.133333333333334
4.266666666666667
4.6
4.466666666666667
8.733333333333333
1.8666666666666667
10.133333333333333
7.333333333333333
1.7333333333333334
7.0
9.466666666666667
5.666666666666667
7.933333333333334
3.8666666666666667
8.533333333333333
14.866666666666667
3.0
4.866666666666666
8.666666666666666
2.4
4.0
6.466666666666667
5.0
3.933333333333333
5.533333333333333
3.4
2.1333333333333333
3.533333333333333
10.533333333333333
6.533333333333333
2.0
6.933333333333334
7.266666666666667
3.3333333333333335
2.3333333333333335
3.7333333333333334
1.8666666666666667
3.8666666666666667
3.6666666666666665
3.066666666666667
3.933333333333333
4.0
0.7333333333333333
3.3333333333333335
4.733333333333333
3.4
8.0
6.933333333333334
7.466666666666667
13.6
9.666666666666666
5.866666666666666
1.5333333333333334
3.8
5.866666666666666
3.0
8.933333333333334
4.2
3.0
4.8
6.4
4.4
3.7333333333333334
4.0
2.1333333333333333
5.333333333333333
4.133333333333334
3.8
2.8
3.2666666666666666
19.533333333333335
6.733333333333333
6.133333333333334
3.7333333333333334
4.533333333333333
6.533333333333333
4.333333333333333
2.8666666666666667
2.0
5.8
2.1333333333333333
2.1333333333333333
4.066666666666666
4.733333333333333
6.0
6.533333333333333
5.666666666666667
5.066666666666666
3.066666666666667
3.933333333333333
4.2
4.0
1.9333333333333333
9.6
2.1333333333333333
1.5333333333333334
4.066666666666666
5.866666666666666
3.066666666666667
3.533333333333333
2.8
3.466666666666667
0.4
6.866666666666666
2.466666666666667
2.8
3.6
2.066666666666667
5.533333333333333
6.4
6.2
4.0
18.6
3.2666666666666666
5.733333333333333
2.3333333333333335
2.2666666666666666
3.533333333333333
7.333333333333333
1.7333333333333334
3.7333333333333334
6.133333333333334
7.266666666666667
3.066666666666667
3.8666666666666667
4.0
2.8666666666666667
5.4
6.133333333333334
1.4666666666666666
6.466666666666667
3.8
1.6
5.066666666666666
3.7333333333333334
2.066666666666667
4.2
10.6
4.733333333333333
5.333333333333333
5.066666666666666
21.733333333333334
3.1333333333333333
3.0
3.4
4.733333333333333
6.533333333333333
2.3333333333333335
4.333333333333333
2.3333333333333335
6.066666666666666
5.266666666666667
4.6
2.7333333333333334
5.466666666666667
4.533333333333333
13.533333333333333
2.933333333333333
4.066666666666666
1.8
2.6666666666666665
3.8666666666666667
4.2
2.933333333333333
2.0
2.933333333333333
2.0
2.3333333333333335
2.8666666666666667
8.466666666666667
3.066666666666667
6.8
4.266666666666667
4.866666666666666
2.6
2.2666666666666666
1.4
3.0
5.6
4.6
1.7333333333333334
3.933333333333333
7.266666666666667
4.666666666666667
4.2
1.3333333333333333
6.8
1.8
1.4666666666666666
9.266666666666667
4.533333333333333
1.5333333333333334
4.866666666666666
0.9333333333333333
7.133333333333334
13.0
5.133333333333334
12.866666666666667
5.466666666666667
2.1333333333333333
1.5333333333333334
3.6666666666666665
5.533333333333333
4.8
8.666666666666666
3.0
5.933333333333334
12.866666666666667
5.933333333333334
5.2
2.6
14.0
7.933333333333334
1.7333333333333334
5.333333333333333
6.866666666666666
4.4
3.7333333333333334
10.6
7.733333333333333
7.6
4.866666666666666
3.8666666666666667
8.066666666666666
1.4666666666666666
7.8
8.933333333333334
5.933333333333334
3.7333333333333334
5.133333333333334
8.266666666666667
7.466666666666667
3.6
5.666666666666667
2.3333333333333335
4.266666666666667
3.2
2.4
3.7333333333333334
10.0
9.333333333333334
1.6
14.933333333333334
2.6
1.2666666666666666
8.133333333333333
4.933333333333334
4.333333333333333
1.1333333333333333
10.133333333333333
6.066666666666666
4.8
6.733333333333333
2.4
4.333333333333333
9.466666666666667
2.2666666666666666
0.8666666666666667
3.8666666666666667
6.4
3.2666666666666666
12.6
8.066666666666666
6.4
3.1333333333333333
5.8
2.4
6.6
5.2
5.666666666666667
4.666666666666667
2.6
2.466666666666667
3.4
5.733333333333333
6.466666666666667
5.2
0.9333333333333333
0.06666666666666667
2.7333333333333334
5.133333333333334
1.9333333333333333
4.333333333333333
5.266666666666667
3.8
4.0
3.2
4.2
8.0
10.2
3.8
6.4
6.333333333333333
5.533333333333333
15.4
6.8
6.6
2.8
6.0
5.0
2.933333333333333
3.8666666666666667
1.6666666666666667
4.2
3.4
7.266666666666667
5.733333333333333
5.866666666666666
6.0
5.2
7.266666666666667
4.333333333333333
3.7333333333333334
1.9333333333333333
4.133333333333334
2.533333333333333
6.4
3.6
7.066666666666666
2.4
8.266666666666667
9.933333333333334
2.6
3.7333333333333334
4.2
3.3333333333333335
3.2666666666666666
2.1333333333333333
10.2
7.0
1.8
7.266666666666667
9.6
1.8
3.466666666666667
3.3333333333333335
2.7333333333333334
4.333333333333333
4.6
7.466666666666667
1.6
5.133333333333334
10.2
4.933333333333334
9.533333333333333
4.333333333333333
4.8
3.0
3.4
3.7333333333333334
0.8666666666666667
4.133333333333334
1.3333333333333333
9.733333333333333
9.133333333333333
2.6666666666666665
2.933333333333333
6.6
12.066666666666666
6.466666666666667
4.333333333333333
8.333333333333334
3.2
7.866666666666666
5.066666666666666
4.533333333333333
3.466666666666667
4.666666666666667
4.133333333333334
6.533333333333333
8.6
5.6
6.533333333333333
5.733333333333333
2.7333333333333334
6.6
4.0
10.2
3.8
4.266666666666667
6.466666666666667
2.0
2.6666666666666665
3.4
2.6
5.733333333333333
3.066666666666667
14.933333333333334
0.8
5.666666666666667
7.6
2.2
6.4
2.533333333333333
4.0
6.733333333333333
6.666666666666667
2.8666666666666667
5.133333333333334
2.8666666666666667
4.333333333333333
7.933333333333334
4.866666666666666
8.066666666666666
5.266666666666667
2.8666666666666667
3.0
5.466666666666667
14.133333333333333
12.0
2.066666666666667
3.1333333333333333
6.0
4.2
6.0
8.733333333333333
4.866666666666666
1.1333333333333333
4.733333333333333
6.666666666666667
1.4
3.2
3.0
8.2
3.066666666666667
6.466666666666667
8.466666666666667
3.6
19.666666666666668
10.8
6.866666666666666
4.466666666666667
5.333333333333333
0.4666666666666667
6.133333333333334
3.7333333333333334
3.8
4.466666666666667
5.733333333333333
2.066666666666667
7.2
1.9333333333333333
3.8
4.2
8.8
3.2666666666666666
3.8
2.1333333333333333
3.2
5.533333333333333
2.466666666666667
5.133333333333334
7.4
6.933333333333334
7.266666666666667
2.8666666666666667
6.2
7.133333333333334
3.933333333333333
0.3333333333333333
3.8
6.733333333333333
0.5333333333333333
2.4
3.8666666666666667
6.0
3.3333333333333335
16.866666666666667
1.3333333333333333
2.933333333333333
3.066666666666667
4.4
3.0
3.066666666666667
5.4
3.466666666666667
3.3333333333333335
5.8
1.8
3.2666666666666666
11.333333333333334
3.466666666666667
7.466666666666667
3.3333333333333335
2.466666666666667
3.2
1.8
2.933333333333333
8.0
7.933333333333334
2.3333333333333335
4.333333333333333
2.6666666666666665
2.066666666666667
5.6
