5.066666666666666
5.066666666666666
1.6
4.066666666666666
4.066666666666666
1.4
4.6
3.6666666666666665
2.1333333333333333
2.466666666666667
2.466666666666667
4.866666666666666
1.9333333333333333
3.533333333333333
4.4
2.066666666666667
4.066666666666666
8.133333333333333
1.8
4.866666666666666
8.0
2.066666666666667
3.2666666666666666
3.2666666666666666
2.2666666666666666
3.7333333333333334
3.8
4.733333333333333
2.933333333333333
2.0
1.4
2.066666666666667
1.7333333333333334
4.4
2.6666666666666665
4.666666666666667
5.466666666666667
2.7333333333333334
4.466666666666667
4.266666666666667
5.466666666666667
2.1333333333333333
2.8666666666666667
5.6
1.6666666666666667
3.8666666666666667
4.533333333333333
3.2666666666666666
2.6
3.933333333333333
4.866666666666666
2.533333333333333
6.466666666666667
2.1333333333333333
4.6
3.8666666666666667
3.6
5.6
6.533333333333333
2.933333333333333
1.6666666666666667
6.0
3.533333333333333
2.6
2.8
4.533333333333333
2.466666666666667
2.466666666666667
2.933333333333333
1.6
2.4
9.666666666666666
2.6666666666666665
6.066666666666666
2.2
2.8666666666666667
4.533333333333333
5.066666666666666
5.466666666666667
4.6
4.133333333333334
4.866666666666666
3.3333333333333335
4.333333333333333
4.4
1.5333333333333334
2.2666666666666666
2.466666666666667
3.6
4.4
4.2
5.533333333333333
5.866666666666666
5.6
2.6
1.9333333333333333
5.666666666666667
2.3333333333333335
2.466666666666667
1.9333333333333333
3.0
2.4
3.6
3.066666666666667
5.2
1.5333333333333334
4.866666666666666
0.3333333333333333
4.0
2.8
1.4
2.933333333333333
2.8666666666666667
4.533333333333333
2.2
4.466666666666667
4.066666666666666
4.0
2.4
1.7333333333333334
1.8
4.066666666666666
2.066666666666667
4.066666666666666
2.8666666666666667
3.7333333333333334
2.1333333333333333
8.266666666666667
2.6
2.6666666666666665
2.8
6.0
1.0666666666666667
1.2
2.6
4.133333333333334
4.4
2.6666666666666665
6.733333333333333
3.2666666666666666
2.2666666666666666
2.6
4.266666666666667
5.066666666666666
1.7333333333333334
4.4
3.066666666666667
3.933333333333333
1.4666666666666666
1.7333333333333334
1.6
3.4
7.466666666666667
3.6666666666666665
2.066666666666667
3.7333333333333334
5.266666666666667
3.533333333333333
1.2666666666666666
7.2
4.133333333333334
2.8666666666666667
5.466666666666667
4.8
4.333333333333333
2.3333333333333335
2.933333333333333
3.2666666666666666
5.133333333333334
9.133333333333333
2.533333333333333
4.0
5.133333333333334
3.533333333333333
2.3333333333333335
5.8
2.8
1.9333333333333333
4.2
3.1333333333333333
4.066666666666666
2.6666666666666665
7.266666666666667
3.2
3.6666666666666665
5.2
2.8666666666666667
4.4
4.266666666666667
4.6
3.533333333333333
5.6
3.4
1.3333333333333333
3.2666666666666666
1.9333333333333333
3.1333333333333333
3.2
3.466666666666667
3.2
2.2666666666666666
2.4
3.2
2.2
3.8
3.1333333333333333
6.666666666666667
3.6
2.6
4.466666666666667
4.133333333333334
5.0
2.7333333333333334
3.8
3.466666666666667
6.8
3.8666666666666667
4.666666666666667
5.866666666666666
3.533333333333333
2.2666666666666666
1.6
3.7333333333333334
1.8
5.066666666666666
5.066666666666666
3.6
5.4
2.2
5.333333333333333
2.6666666666666665
3.7333333333333334
2.0
4.4
4.733333333333333
4.266666666666667
3.6666666666666665
3.4
3.933333333333333
2.6
2.4
3.8
5.2
1.6666666666666667
2.8666666666666667
2.1333333333333333
0.8
2.6
2.7333333333333334
3.1333333333333333
4.266666666666667
2.0
3.4
2.7333333333333334
4.866666666666666
2.6
7.2
4.733333333333333
5.133333333333334
1.8666666666666667
4.0
4.0
2.2666666666666666
3.933333333333333
3.2666666666666666
4.933333333333334
4.6
5.133333333333334
2.2666666666666666
3.066666666666667
3.3333333333333335
3.466666666666667
3.8
4.0
5.666666666666667
1.4
3.3333333333333335
4.133333333333334
2.533333333333333
1.5333333333333334
8.066666666666666
2.466666666666667
3.0
4.066666666666666
5.0
4.866666666666666
2.466666666666667
3.8666666666666667
2.6
1.8
3.8666666666666667
2.4
4.333333333333333
3.4
5.533333333333333
2.533333333333333
1.5333333333333334
3.4
3.933333333333333
5.266666666666667
5.0
4.666666666666667
2.2666666666666666
1.4666666666666666
2.4
5.0
2.2
2.533333333333333
4.8
3.8666666666666667
5.6
3.3333333333333335
3.6666666666666665
2.0
2.6666666666666665
2.066666666666667
4.133333333333334
3.8666666666666667
2.933333333333333
1.0
2.933333333333333
2.8
2.533333333333333
3.7333333333333334
3.6666666666666665
3.533333333333333
3.6
1.7333333333333334
5.133333333333334
3.8
3.4
3.2666666666666666
1.6
4.4
3.8666666666666667
3.6
1.5333333333333334
2.0
1.9333333333333333
5.266666666666667
1.2666666666666666
2.066666666666667
4.066666666666666
1.2
1.6666666666666667
5.2
4.0
3.3333333333333335
2.3333333333333335
2.533333333333333
1.8
3.1333333333333333
3.1333333333333333
3.2
4.533333333333333
1.5333333333333334
2.7333333333333334
3.2
2.6666666666666665
8.333333333333334
5.6
2.7333333333333334
5.2
3.8666666666666667
3.8
5.4
3.6
5.4
5.466666666666667
2.3333333333333335
3.7333333333333334
2.8666666666666667
5.4
2.2
2.466666666666667
3.066666666666667
6.266666666666667
3.0
2.066666666666667
3.4
3.8666666666666667
8.133333333333333
4.466666666666667
3.6
4.266666666666667
6.866666666666666
1.9333333333333333
2.6
2.0
3.1333333333333333
2.8
4.0
3.6
2.066666666666667
3.3333333333333335
3.533333333333333
3.8666666666666667
1.4666666666666666
3.6
3.8666666666666667
2.6666666666666665
2.2
3.0
2.533333333333333
3.533333333333333
6.133333333333334
6.0
4.2
1.0666666666666667
3.3333333333333335
3.3333333333333335
4.0
4.8
4.133333333333334
3.4
3.7333333333333334
2.8
4.0
2.2666666666666666
2.8666666666666667
4.066666666666666
4.266666666666667
3.2
4.133333333333334
2.3333333333333335
2.533333333333333
0.9333333333333333
2.933333333333333
1.5333333333333334
2.933333333333333
3.8666666666666667
4.533333333333333
3.933333333333333
4.133333333333334
1.2
1.3333333333333333
2.4
5.733333333333333
3.8666666666666667
3.0
6.0
8.6
3.466666666666667
4.266666666666667
7.533333333333333
3.8666666666666667
2.533333333333333
2.066666666666667
4.266666666666667
3.4
4.2
0.5333333333333333
5.6
3.0
1.6
2.2666666666666666
1.7333333333333334
3.066666666666667
2.7333333333333334
6.066666666666666
3.4
3.066666666666667
4.733333333333333
2.8
4.6
2.4
4.0
4.333333333333333
2.2666666666666666
2.4
2.533333333333333
4.2
5.0
4.4
6.933333333333334
1.6
3.3333333333333335
5.266666666666667
2.8666666666666667
4.266666666666667
4.066666666666666
3.3333333333333335
3.0
5.066666666666666
4.533333333333333
5.133333333333334
7.733333333333333
2.2
3.2
3.533333333333333
4.2
2.8
3.466666666666667
2.2
4.0
2.2
1.9333333333333333
4.333333333333333
3.4
4.4
3.466666666666667
0.4
7.333333333333333
1.7333333333333334
5.8
3.8
2.933333333333333
3.2666666666666666
2.7333333333333334
3.2666666666666666
6.6
4.0
1.4666666666666666
6.4
2.6
2.6
2.2666666666666666
3.2666666666666666
4.6
3.3333333333333335
3.2
2.933333333333333
2.8666666666666667
2.3333333333333335
2.8
2.933333333333333
4.266666666666667
2.1333333333333333
3.8666666666666667
3.1333333333333333
2.066666666666667
4.2
2.066666666666667
4.0
6.466666666666667
6.666666666666667
5.266666666666667
7.133333333333334
1.2666666666666666
3.066666666666667
3.466666666666667
4.666666666666667
5.133333333333334
4.733333333333333
4.333333333333333
4.0
3.8
3.2666666666666666
3.933333333333333
4.0
4.466666666666667
3.3333333333333335
5.0
2.7333333333333334
4.2
4.866666666666666
2.7333333333333334
2.8666666666666667
1.4666666666666666
5.933333333333334
1.6666666666666667
2.933333333333333
2.933333333333333
4.6
1.6
6.066666666666666
4.6
2.533333333333333
3.3333333333333335
5.4
2.066666666666667
3.1333333333333333
1.7333333333333334
5.133333333333334
2.8
1.8666666666666667
4.266666666666667
3.0
3.533333333333333
5.4
1.2666666666666666
4.0
2.3333333333333335
6.666666666666667
5.0
2.8666666666666667
4.533333333333333
2.933333333333333
1.2
2.6666666666666665
1.8666666666666667
3.533333333333333
3.7333333333333334
3.3333333333333335
2.466666666666667
3.6666666666666665
2.0
4.533333333333333
5.066666666666666
3.066666666666667
3.3333333333333335
4.333333333333333
5.533333333333333
5.8
3.933333333333333
1.2666666666666666
4.266666666666667
4.333333333333333
2.8666666666666667
3.533333333333333
3.0
2.933333333333333
2.533333333333333
4.8
5.2
3.533333333333333
4.066666666666666
2.3333333333333335
2.7333333333333334
2.6666666666666665
2.066666666666667
11.533333333333333
4.133333333333334
3.933333333333333
3.7333333333333334
3.2
5.933333333333334
2.8666666666666667
2.066666666666667
4.333333333333333
3.6
4.666666666666667
4.2
2.8666666666666667
6.066666666666666
3.933333333333333
2.3333333333333335
1.6
3.1333333333333333
3.0
2.8666666666666667
3.0
6.0
2.2
5.466666666666667
5.933333333333334
3.933333333333333
3.6
4.4
5.466666666666667
2.933333333333333
3.066666666666667
5.066666666666666
1.6666666666666667
3.066666666666667
3.2
4.066666666666666
2.6
3.466666666666667
2.4
3.6
1.8
4.866666666666666
1.6
5.2
3.2
4.866666666666666
3.466666666666667
4.333333333333333
3.3333333333333335
1.6666666666666667
2.4
2.6666666666666665
3.8
5.733333333333333
3.933333333333333
4.8
2.4
2.0
1.0666666666666667
2.933333333333333
3.2
2.2
2.4
3.7333333333333334
3.533333333333333
5.333333333333333
3.533333333333333
2.7333333333333334
1.2666666666666666
5.066666666666666
2.933333333333333
4.333333333333333
3.533333333333333
2.8
3.2
2.8666666666666667
3.3333333333333335
4.666666666666667
3.6
2.466666666666667
1.8666666666666667
2.7333333333333334
1.2666666666666666
2.6666666666666665
2.466666666666667
4.8
4.0
1.9333333333333333
4.866666666666666
3.1333333333333333
1.8
2.2
1.6666666666666667
3.0
3.2
2.3333333333333335
2.1333333333333333
6.066666666666666
2.7333333333333334
2.2666666666666666
2.0
1.8666666666666667
5.066666666666666
6.2
2.3333333333333335
1.3333333333333333
2.6
4.666666666666667
2.2666666666666666
4.8
2.0
2.6666666666666665
4.2
1.8
3.066666666666667
5.4
3.1333333333333333
1.8
1.8666666666666667
4.733333333333333
3.0
1.4
4.266666666666667
3.2666666666666666
4.0
9.666666666666666
2.7333333333333334
3.8
3.6
3.2666666666666666
3.7333333333333334
4.733333333333333
2.7333333333333334
1.7333333333333334
4.933333333333334
4.8
2.533333333333333
2.0
4.933333333333334
2.3333333333333335
4.4
3.466666666666667
1.9333333333333333
2.533333333333333
1.6
5.533333333333333
2.8666666666666667
3.0
6.466666666666667
3.6
3.3333333333333335
1.5333333333333334
5.066666666666666
5.266666666666667
7.8
2.4
2.7333333333333334
3.2666666666666666
3.2666666666666666
2.1333333333333333
4.666666666666667
1.4666666666666666
2.3333333333333335
2.933333333333333
2.933333333333333
3.6666666666666665
5.533333333333333
2.066666666666667
3.2
5.266666666666667
2.2666666666666666
3.533333333333333
2.6666666666666665
2.4
3.6
6.0
3.4
3.6666666666666665
3.6666666666666665
3.066666666666667
3.2
2.6
1.6
3.7333333333333334
2.466666666666667
4.066666666666666
1.8666666666666667
3.933333333333333
4.066666666666666
4.866666666666666
2.7333333333333334
3.933333333333333
3.066666666666667
9.133333333333333
4.066666666666666
4.533333333333333
1.3333333333333333
1.1333333333333333
5.133333333333334
2.2666666666666666
6.066666666666666
4.333333333333333
3.3333333333333335
4.733333333333333
3.4
2.1333333333333333
1.9333333333333333
2.7333333333333334
3.2
5.6
5.8
3.6
4.6
4.6
2.933333333333333
2.466666666666667
4.866666666666666
4.0
3.933333333333333
2.6
6.733333333333333
0.8666666666666667
0.8
3.066666666666667
2.533333333333333
2.066666666666667
4.533333333333333
2.3333333333333335
2.933333333333333
3.2
3.6666666666666665
3.466666666666667
2.466666666666667
2.8666666666666667
2.8666666666666667
6.266666666666667
3.3333333333333335
1.6666666666666667
4.0
1.2
4.133333333333334
5.2
2.466666666666667
4.4
2.7333333333333334
2.066666666666667
1.9333333333333333
4.133333333333334
3.4
6.6
5.6
2.8
2.3333333333333335
3.933333333333333
1.8
3.1333333333333333
3.2666666666666666
3.6
3.533333333333333
1.2
1.4
4.066666666666666
0.9333333333333333
3.4
2.8
3.2666666666666666
0.5333333333333333
2.6
10.0
3.533333333333333
3.533333333333333
3.8
2.2
2.7333333333333334
3.6666666666666665
1.0
1.4
3.533333333333333
3.066666666666667
3.3333333333333335
3.3333333333333335
1.5333333333333334
2.533333333333333
4.4
3.7333333333333334
3.933333333333333
2.533333333333333
3.0
2.2
0.6666666666666666
7.533333333333333
1.7333333333333334
2.1333333333333333
3.4
3.8666666666666667
2.8
4.866666666666666
2.2666666666666666
2.466666666666667
2.8666666666666667
3.6
3.466666666666667
3.6666666666666665
2.533333333333333
3.6666666666666665
4.266666666666667
4.333333333333333
3.066666666666667
3.6
1.4666666666666666
5.333333333333333
1.8
3.6
3.066666666666667
3.0
1.7333333333333334
3.6
2.6666666666666665
2.6
1.7333333333333334
2.466666666666667
3.466666666666667
0.13333333333333333
5.333333333333333
2.066666666666667
3.4
4.2
2.466666666666667
3.2666666666666666
3.7333333333333334
2.1333333333333333
1.7333333333333334
3.8
0.3333333333333333
5.066666666666666
3.533333333333333
1.8
2.066666666666667
1.4
5.933333333333334
5.666666666666667
1.8
3.4
2.6
3.2
6.4
3.3333333333333335
4.0
4.933333333333334
1.6666666666666667
7.4
3.8
5.333333333333333
4.533333333333333
3.066666666666667
2.7333333333333334
3.466666666666667
3.8
3.466666666666667
3.466666666666667
2.6
8.733333333333333
2.2
4.4
2.1333333333333333
2.3333333333333335
3.7333333333333334
4.4
2.6
3.8666666666666667
2.3333333333333335
3.933333333333333
3.066666666666667
2.066666666666667
4.733333333333333
4.466666666666667
2.533333333333333
2.2
1.6
