1.9333333333333333
3.466666666666667
3.1333333333333333
4.666666666666667
1.2666666666666666
5.4
4.066666666666666
3.6
2.4
5.533333333333333
3.533333333333333
4.533333333333333
3.8
3.1333333333333333
3.4
0.8
2.066666666666667
3.6666666666666665
3.533333333333333
7.6
1.8666666666666667
3.0
2.4
1.2
7.733333333333333
3.3333333333333335
2.533333333333333
2.8666666666666667
2.2
0.8
2.066666666666667
6.866666666666666
2.066666666666667
3.6666666666666665
7.333333333333333
3.2666666666666666
7.2
2.8666666666666667
2.6666666666666665
2.2
5.666666666666667
4.066666666666666
5.333333333333333
6.0
2.466666666666667
3.3333333333333335
3.6
4.333333333333333
2.2
3.533333333333333
2.6666666666666665
3.7333333333333334
6.4
5.466666666666667
7.066666666666666
1.8666666666666667
1.2
2.933333333333333
3.2
2.466666666666667
5.0
4.6
2.3333333333333335
2.7333333333333334
4.266666666666667
0.26666666666666666
3.6
4.133333333333334
1.3333333333333333
3.933333333333333
2.066666666666667
4.6
3.6
4.733333333333333
0.4
1.8666666666666667
1.4666666666666666
4.2
8.866666666666667
2.533333333333333
1.8
2.2
3.3333333333333335
2.1333333333333333
3.3333333333333335
1.8666666666666667
3.466666666666667
3.066666666666667
5.266666666666667
2.8
3.066666666666667
2.8
1.0
8.133333333333333
6.2
3.466666666666667
3.6
1.8666666666666667
5.333333333333333
3.8
2.066666666666667
3.2
4.266666666666667
5.266666666666667
3.933333333333333
2.6
0.9333333333333333
2.8
3.3333333333333335
5.6
6.266666666666667
2.466666666666667
3.2666666666666666
3.7333333333333334
3.4
3.6666666666666665
2.1333333333333333
5.866666666666666
2.466666666666667
4.0
1.8666666666666667
2.2
1.3333333333333333
1.6
3.8666666666666667
3.2666666666666666
2.8
2.3333333333333335
2.2
3.3333333333333335
1.1333333333333333
8.0
3.6
4.266666666666667
1.7333333333333334
4.666666666666667
4.2
3.2
3.466666666666667
4.4
3.8666666666666667
1.7333333333333334
3.2
5.6
4.466666666666667
4.933333333333334
2.2666666666666666
2.933333333333333
5.6
6.066666666666666
3.1333333333333333
3.2
3.8666666666666667
5.733333333333333
3.2
2.8
4.533333333333333
1.8666666666666667
3.6
2.066666666666667
1.8
3.0
2.8
5.133333333333334
4.8
2.6
5.066666666666666
3.2
6.933333333333334
3.533333333333333
3.3333333333333335
2.7333333333333334
4.733333333333333
3.7333333333333334
1.8
3.066666666666667
3.066666666666667
3.4
3.8666666666666667
4.466666666666667
2.466666666666667
4.866666666666666
0.6
1.9333333333333333
3.933333333333333
5.133333333333334
17.4
3.533333333333333
5.8
3.6666666666666665
10.933333333333334
4.533333333333333
1.4666666666666666
2.6666666666666665
1.9333333333333333
7.8
3.0
2.6
3.2666666666666666
2.2666666666666666
2.066666666666667
3.2
2.3333333333333335
4.533333333333333
2.4
4.666666666666667
2.3333333333333335
4.8
5.133333333333334
4.0
4.0
2.6
2.6666666666666665
1.6
5.0
6.333333333333333
3.1333333333333333
4.0
3.4
3.6666666666666665
3.6
2.8666666666666667
2.7333333333333334
4.6
2.933333333333333
3.3333333333333335
0.6
1.8666666666666667
3.933333333333333
3.2
2.8666666666666667
4.666666666666667
2.933333333333333
1.2666666666666666
5.4
4.933333333333334
4.866666666666666
3.4
3.6
5.066666666666666
4.2
3.8666666666666667
0.4666666666666667
2.7333333333333334
3.0
6.866666666666666
10.866666666666667
2.2
4.333333333333333
4.6
1.9333333333333333
2.0
3.3333333333333335
3.066666666666667
2.4
2.6
2.6
2.066666666666667
3.8
3.8666666666666667
4.866666666666666
1.8666666666666667
6.133333333333334
2.6
3.3333333333333335
2.933333333333333
3.8666666666666667
1.9333333333333333
5.8
5.533333333333333
4.8
1.1333333333333333
3.6666666666666665
5.666666666666667
0.6666666666666666
2.1333333333333333
4.266666666666667
5.6
3.933333333333333
4.866666666666666
5.0
3.4
3.1333333333333333
2.6666666666666665
2.7333333333333334
5.8
2.0
4.4
3.0
2.7333333333333334
2.933333333333333
5.8
2.3333333333333335
5.466666666666667
3.3333333333333335
0.7333333333333333
3.6666666666666665
6.933333333333334
2.7333333333333334
4.266666666666667
2.3333333333333335
3.466666666666667
3.533333333333333
3.1333333333333333
4.533333333333333
6.0
1.8666666666666667
11.866666666666667
10.266666666666667
7.6
3.1333333333333333
3.0
1.0666666666666667
3.8
5.133333333333334
3.066666666666667
3.466666666666667
5.0
2.1333333333333333
5.2
3.8666666666666667
5.733333333333333
4.0
0.6
4.866666666666666
3.066666666666667
2.0
2.066666666666667
2.933333333333333
2.466666666666667
3.066666666666667
4.266666666666667
15.266666666666667
2.6666666666666665
4.933333333333334
2.1333333333333333
1.8
3.4
4.466666666666667
3.2
2.7333333333333334
3.4
3.0
2.933333333333333
2.4
8.733333333333333
2.8
5.6
4.0
5.533333333333333
3.933333333333333
2.2
9.0
2.3333333333333335
5.0
3.066666666666667
3.466666666666667
5.266666666666667
2.7333333333333334
3.1333333333333333
4.933333333333334
5.866666666666666
5.933333333333334
1.7333333333333334
1.4
1.9333333333333333
8.266666666666667
2.2
3.6666666666666665
3.2
11.2
3.0
3.533333333333333
1.8666666666666667
4.266666666666667
10.866666666666667
4.4
2.8666666666666667
1.8
2.7333333333333334
5.6
3.066666666666667
1.2
3.0
8.2
6.333333333333333
4.6
2.066666666666667
3.6666666666666665
2.933333333333333
6.4
7.8
6.666666666666667
3.3333333333333335
1.6
4.666666666666667
3.0
5.066666666666666
4.533333333333333
4.8
4.933333333333334
4.666666666666667
3.066666666666667
2.0
2.933333333333333
1.8666666666666667
3.4
2.7333333333333334
1.1333333333333333
2.2
3.6666666666666665
2.8
7.266666666666667
2.2
3.066666666666667
2.8
5.333333333333333
6.933333333333334
2.7333333333333334
1.6666666666666667
9.4
3.7333333333333334
4.333333333333333
3.0
4.333333333333333
3.066666666666667
2.4
3.466666666666667
3.066666666666667
7.2
1.6666666666666667
5.266666666666667
1.2666666666666666
0.06666666666666667
3.933333333333333
5.8
3.3333333333333335
2.466666666666667
3.6
4.733333333333333
5.666666666666667
3.3333333333333335
3.0
3.2
3.533333333333333
7.066666666666666
4.8
0.9333333333333333
3.8
3.6666666666666665
2.466666666666667
3.6
4.666666666666667
4.0
2.1333333333333333
1.9333333333333333
3.8
2.3333333333333335
3.3333333333333335
2.0
4.066666666666666
4.4
1.3333333333333333
6.133333333333334
3.8
2.6
3.1333333333333333
7.266666666666667
4.066666666666666
4.733333333333333
3.933333333333333
2.1333333333333333
3.4
3.3333333333333335
2.2
5.666666666666667
2.3333333333333335
3.2666666666666666
5.2
3.1333333333333333
3.0
3.933333333333333
1.2
1.9333333333333333
3.1333333333333333
1.8
5.666666666666667
4.6
2.6
2.466666666666667
3.8
1.6
1.8666666666666667
1.8666666666666667
2.533333333333333
0.06666666666666667
1.4
3.6666666666666665
2.8
7.866666666666666
3.7333333333333334
2.1333333333333333
3.7333333333333334
4.4
5.266666666666667
2.4
1.1333333333333333
3.933333333333333
4.666666666666667
5.733333333333333
5.2
3.0
7.4
2.3333333333333335
2.2
3.8
2.466666666666667
1.4666666666666666
3.0
3.2666666666666666
3.2
2.2666666666666666
3.466666666666667
3.1333333333333333
3.066666666666667
4.2
8.2
8.6
5.333333333333333
3.8
3.6
2.2
2.7333333333333334
4.333333333333333
1.7333333333333334
2.2666666666666666
3.6666666666666665
4.6
2.2666666666666666
5.666666666666667
1.4
1.7333333333333334
2.8
3.4
4.266666666666667
2.3333333333333335
4.266666666666667
3.4
3.2666666666666666
7.733333333333333
2.4
6.066666666666666
2.0
4.266666666666667
6.6
2.066666666666667
3.4
3.6
6.266666666666667
5.733333333333333
4.133333333333334
6.866666666666666
7.8
0.8
2.7333333333333334
1.4
3.8
2.533333333333333
4.0
3.6
3.7333333333333334
2.6
3.8666666666666667
4.333333333333333
3.466666666666667
5.066666666666666
4.8
2.533333333333333
4.2
3.8
3.8666666666666667
5.066666666666666
3.6
1.9333333333333333
3.8
5.933333333333334
1.5333333333333334
5.133333333333334
3.2
1.6666666666666667
4.333333333333333
4.6
0.7333333333333333
5.333333333333333
2.933333333333333
2.0
2.8
5.8
4.4
6.266666666666667
3.466666666666667
3.2
3.6666666666666665
2.1333333333333333
2.8666666666666667
2.8
2.066666666666667
1.3333333333333333
11.533333333333333
2.4
3.8666666666666667
1.4
1.2
2.066666666666667
3.6
13.2
8.6
7.4
6.333333333333333
4.933333333333334
6.0
4.733333333333333
3.2
4.333333333333333
5.266666666666667
3.8
2.4
6.133333333333334
4.866666666666666
8.333333333333334
3.8
3.2666666666666666
1.6666666666666667
2.533333333333333
2.7333333333333334
1.9333333333333333
11.533333333333333
4.8
4.2
4.0
1.4
2.6
3.2666666666666666
3.2
2.8666666666666667
3.8
5.266666666666667
6.133333333333334
3.4
3.0
3.533333333333333
2.4
2.0
0.9333333333333333
3.533333333333333
2.8
4.333333333333333
3.7333333333333334
1.0
2.4
5.2
2.6666666666666665
1.5333333333333334
4.8
4.733333333333333
1.4
3.533333333333333
5.333333333333333
2.7333333333333334
4.6
2.2666666666666666
3.8
2.066666666666667
2.3333333333333335
4.6
1.8
3.4
2.7333333333333334
3.6666666666666665
2.466666666666667
2.2666666666666666
2.533333333333333
4.066666666666666
4.133333333333334
2.4
3.066666666666667
2.533333333333333
5.0
2.066666666666667
5.6
1.5333333333333334
2.4
2.2
2.6666666666666665
7.866666666666666
2.8666666666666667
7.2
1.4
5.733333333333333
3.4
3.8666666666666667
5.066666666666666
1.0666666666666667
2.8666666666666667
3.4
1.8
2.2
4.6
4.466666666666667
4.466666666666667
9.466666666666667
4.666666666666667
2.4
2.6
3.3333333333333335
2.6666666666666665
5.8
3.4
2.1333333333333333
1.4
7.2
3.8666666666666667
4.0
5.0
3.8666666666666667
0.3333333333333333
0.8
6.6
0.06666666666666667
3.2666666666666666
6.866666666666666
3.533333333333333
3.533333333333333
2.2666666666666666
3.066666666666667
6.333333333333333
5.066666666666666
2.4
4.0
2.7333333333333334
2.8666666666666667
2.6666666666666665
1.4666666666666666
1.2
4.8
2.2
1.2666666666666666
2.066666666666667
3.2
7.466666666666667
3.066666666666667
6.466666666666667
3.6666666666666665
1.4
1.6
1.0
1.6666666666666667
3.6
2.2666666666666666
4.466666666666667
3.7333333333333334
3.2
2.066666666666667
3.2
6.266666666666667
4.0
1.0666666666666667
3.2
2.2666666666666666
5.0
1.9333333333333333
0.26666666666666666
2.8
4.066666666666666
7.8
2.2
2.466666666666667
4.0
3.1333333333333333
2.6666666666666665
2.2666666666666666
3.4
2.8666666666666667
2.6
4.133333333333334
2.3333333333333335
3.533333333333333
3.2666666666666666
4.933333333333334
1.8
4.533333333333333
0.06666666666666667
3.2
3.066666666666667
3.466666666666667
4.4
2.466666666666667
2.8
12.333333333333334
4.0
4.133333333333334
3.933333333333333
2.8666666666666667
3.933333333333333
2.0
2.0
4.133333333333334
2.7333333333333334
1.5333333333333334
2.2666666666666666
3.466666666666667
3.066666666666667
3.6666666666666665
2.6
2.2666666666666666
1.0666666666666667
4.066666666666666
2.7333333333333334
2.2
4.266666666666667
4.733333333333333
2.7333333333333334
2.533333333333333
3.1333333333333333
2.8
3.8
1.8
4.466666666666667
4.733333333333333
4.4
5.333333333333333
2.4
3.466666666666667
0.7333333333333333
8.933333333333334
1.8666666666666667
3.1333333333333333
2.7333333333333334
4.733333333333333
3.3333333333333335
5.2
7.2
1.2
2.6
4.333333333333333
2.6
3.466666666666667
7.2
1.2
5.133333333333334
5.533333333333333
3.066666666666667
2.533333333333333
6.8
1.2666666666666666
3.1333333333333333
1.9333333333333333
5.4
3.0
6.0
3.8666666666666667
1.6666666666666667
3.7333333333333334
5.2
3.3333333333333335
1.4
5.4
2.8666666666666667
1.1333333333333333
4.266666666666667
0.6666666666666666
0.7333333333333333
1.0666666666666667
1.6
4.333333333333333
3.8666666666666667
3.7333333333333334
1.1333333333333333
4.0
1.3333333333333333
1.3333333333333333
4.0
4.4
2.7333333333333334
5.933333333333334
3.933333333333333
2.4
2.6666666666666665
4.066666666666666
6.266666666666667
3.8666666666666667
3.066666666666667
5.266666666666667
3.4
3.0
2.7333333333333334
3.6
3.2
4.666666666666667
1.3333333333333333
3.7333333333333334
2.066666666666667
4.2
1.9333333333333333
1.1333333333333333
1.8666666666666667
2.066666666666667
4.8
2.1333333333333333
2.3333333333333335
3.0
2.4
4.266666666666667
3.6
3.3333333333333335
3.066666666666667
7.4
3.933333333333333
1.8666666666666667
4.266666666666667
3.7333333333333334
3.933333333333333
7.066666666666666
3.6
5.533333333333333
4.2
4.333333333333333
1.4666666666666666
2.2666666666666666
3.533333333333333
3.4
3.466666666666667
5.133333333333334
3.3333333333333335
5.466666666666667
2.1333333333333333
3.1333333333333333
4.2
9.533333333333333
4.666666666666667
2.8
2.466666666666667
3.6
3.466666666666667
4.733333333333333
3.2
2.8
4.733333333333333
4.133333333333334
2.8
2.1333333333333333
2.6666666666666665
2.4
6.133333333333334
2.066666666666667
3.2
4.133333333333334
4.4
4.8
5.666666666666667
2.466666666666667
8.133333333333333
4.466666666666667
1.4
8.2
3.4
3.2666666666666666
2.933333333333333
3.933333333333333
1.6
4.133333333333334
0.06666666666666667
4.4
3.466666666666667
1.5333333333333334
4.2
5.333333333333333
3.6
2.7333333333333334
2.933333333333333
3.066666666666667
3.533333333333333
4.2
2.066666666666667
4.0
7.133333333333334
1.8666666666666667
5.933333333333334
5.266666666666667
7.466666666666667
1.8
2.6
3.8
3.066666666666667
5.0
4.533333333333333
2.2
2.2
1.8666666666666667
1.3333333333333333
