2.8666666666666667
0.8666666666666667
5.466666666666667
3.7333333333333334
5.066666666666666
4.266666666666667
3.533333333333333
5.6
6.933333333333334
3.2
2.2
5.6
3.533333333333333
3.4
2.466666666666667
3.8
2.2
2.3333333333333335
2.4
1.2666666666666666
4.6
3.2666666666666666
2.4
2.3333333333333335
4.066666666666666
4.333333333333333
3.6666666666666665
3.466666666666667
2.4
7.8
3.466666666666667
1.6
2.933333333333333
1.8666666666666667
2.8
1.9333333333333333
6.2
2.4
1.1333333333333333
4.066666666666666
2.466666666666667
2.4
3.6666666666666665
2.6
3.6666666666666665
4.0
2.6
3.3333333333333335
3.3333333333333335
13.333333333333334
5.2
2.6666666666666665
1.0666666666666667
1.9333333333333333
2.2666666666666666
8.8
3.466666666666667
4.866666666666666
3.7333333333333334
0.26666666666666666
2.066666666666667
4.6
2.2
1.8666666666666667
2.066666666666667
2.466666666666667
9.133333333333333
10.8
7.466666666666667
3.8666666666666667
2.1333333333333333
4.0
3.933333333333333
5.466666666666667
3.3333333333333335
4.133333333333334
5.466666666666667
3.066666666666667
5.533333333333333
4.6
4.2
7.8
4.333333333333333
3.466666666666667
3.1333333333333333
4.733333333333333
2.7333333333333334
2.6666666666666665
3.066666666666667
2.933333333333333
1.1333333333333333
2.1333333333333333
4.2
7.066666666666666
2.1333333333333333
7.266666666666667
1.4
3.466666666666667
2.7333333333333334
3.6666666666666665
1.6
3.6666666666666665
6.6
2.8666666666666667
6.666666666666667
6.2
4.0
5.333333333333333
2.6
2.8666666666666667
2.2
4.666666666666667
3.6
2.6
3.466666666666667
5.933333333333334
6.333333333333333
3.7333333333333334
3.7333333333333334
5.333333333333333
3.6
7.2
3.1333333333333333
1.5333333333333334
3.8
4.133333333333334
1.3333333333333333
1.2
1.6
4.866666666666666
2.2666666666666666
2.4
9.466666666666667
3.2666666666666666
0.8
1.8666666666666667
2.4
1.6
2.1333333333333333
9.133333333333333
4.333333333333333
1.9333333333333333
1.8666666666666667
4.2
4.6
2.8
3.3333333333333335
3.7333333333333334
4.6
1.8
4.133333333333334
2.7333333333333334
4.933333333333334
2.466666666666667
3.7333333333333334
2.7333333333333334
2.466666666666667
4.0
2.933333333333333
1.4
3.2666666666666666
3.6
2.3333333333333335
2.6666666666666665
3.1333333333333333
2.0
4.6
3.4
2.8
5.066666666666666
5.666666666666667
8.666666666666666
1.8
3.6
5.933333333333334
7.133333333333334
4.066666666666666
2.533333333333333
2.0
4.066666666666666
3.3333333333333335
1.4666666666666666
3.066666666666667
2.0
5.2
5.133333333333334
2.533333333333333
3.2
3.466666666666667
3.2
2.533333333333333
3.7333333333333334
2.1333333333333333
1.5333333333333334
0.3333333333333333
2.933333333333333
2.2
3.8666666666666667
3.6
1.2
3.1333333333333333
2.7333333333333334
5.466666666666667
2.2
8.066666666666666
3.933333333333333
4.2
3.1333333333333333
2.2
1.8666666666666667
2.8666666666666667
3.933333333333333
5.133333333333334
4.0
2.6
3.8
3.6666666666666665
1.6666666666666667
7.266666666666667
2.466666666666667
9.866666666666667
2.0
2.466666666666667
2.6
3.1333333333333333
3.533333333333333
4.466666666666667
1.4
2.2
4.466666666666667
3.6
2.8666666666666667
1.8666666666666667
3.2666666666666666
3.2666666666666666
3.0
2.8
2.4
5.266666666666667
3.066666666666667
2.466666666666667
3.8
2.8
2.4
1.2666666666666666
2.1333333333333333
6.866666666666666
4.2
3.2666666666666666
3.6
3.8666666666666667
2.4
4.2
4.333333333333333
1.7333333333333334
1.2666666666666666
3.066666666666667
5.4
2.066666666666667
2.8666666666666667
3.2
1.7333333333333334
2.6
3.3333333333333335
5.0
2.6
5.466666666666667
8.333333333333334
3.2
2.933333333333333
1.2666666666666666
4.0
3.6666666666666665
3.466666666666667
2.533333333333333
1.3333333333333333
3.4
6.2
3.066666666666667
6.2
6.4
3.1333333333333333
7.266666666666667
3.0
2.8
4.066666666666666
3.8666666666666667
2.6
1.8666666666666667
3.6666666666666665
4.333333333333333
2.0
4.2
3.4
7.733333333333333
3.8666666666666667
2.466666666666667
8.666666666666666
2.466666666666667
6.066666666666666
0.4666666666666667
2.533333333333333
2.1333333333333333
1.8666666666666667
4.733333333333333
3.7333333333333334
4.2
4.0
3.2666666666666666
3.3333333333333335
4.533333333333333
2.7333333333333334
4.333333333333333
2.6
1.2
7.6
10.866666666666667
6.066666666666666
5.0
2.466666666666667
1.9333333333333333
7.066666666666666
3.933333333333333
2.8666666666666667
3.6
1.4666666666666666
3.933333333333333
2.4
2.0
4.266666666666667
4.0
4.866666666666666
2.0
2.8
2.933333333333333
9.933333333333334
3.0
1.4666666666666666
4.666666666666667
2.1333333333333333
3.533333333333333
2.066666666666667
4.533333333333333
2.8666666666666667
4.933333333333334
2.933333333333333
4.133333333333334
5.066666666666666
3.6666666666666665
4.4
1.9333333333333333
4.6
3.2666666666666666
3.2666666666666666
1.5333333333333334
4.0
3.066666666666667
2.933333333333333
2.8
3.3333333333333335
4.2
4.533333333333333
4.533333333333333
2.6
4.866666666666666
1.6
3.4
7.666666666666667
5.533333333333333
2.8
3.7333333333333334
3.6666666666666665
3.4
3.2
4.066666666666666
4.866666666666666
3.6666666666666665
2.0
2.066666666666667
4.666666666666667
6.266666666666667
3.533333333333333
4.0
8.466666666666667
2.8666666666666667
1.1333333333333333
4.0
4.0
2.8666666666666667
3.7333333333333334
4.133333333333334
3.2666666666666666
2.6
1.3333333333333333
1.3333333333333333
1.7333333333333334
3.0
6.8
4.6
2.533333333333333
3.2
4.133333333333334
3.066666666666667
2.933333333333333
14.933333333333334
1.4666666666666666
1.8
5.0
1.8
2.2
3.3333333333333335
3.466666666666667
2.533333333333333
1.0
1.6
3.6666666666666665
1.2
3.6
4.933333333333334
2.2666666666666666
2.6
8.133333333333333
2.1333333333333333
6.8
2.0
6.8
6.8
7.466666666666667
1.4666666666666666
5.4
2.2
5.4
3.7333333333333334
4.066666666666666
5.066666666666666
2.066666666666667
7.4
2.7333333333333334
2.8
4.133333333333334
2.533333333333333
7.2
2.1333333333333333
3.1333333333333333
4.0
4.333333333333333
4.4
4.666666666666667
3.0
2.933333333333333
2.7333333333333334
2.6
4.666666666666667
2.1333333333333333
1.8
2.2666666666666666
4.0
2.2666666666666666
1.4666666666666666
4.733333333333333
7.866666666666666
1.2666666666666666
4.733333333333333
4.066666666666666
1.9333333333333333
2.2666666666666666
2.2
3.2
1.9333333333333333
2.933333333333333
6.866666666666666
3.2666666666666666
2.533333333333333
4.933333333333334
4.266666666666667
1.6666666666666667
4.2
3.4
3.066666666666667
6.266666666666667
6.333333333333333
1.7333333333333334
2.6666666666666665
4.0
2.6
4.933333333333334
1.6666666666666667
3.0
2.7333333333333334
2.2
2.4
4.6
4.933333333333334
4.4
3.1333333333333333
1.5333333333333334
3.533333333333333
3.1333333333333333
3.2
3.466666666666667
3.6
1.9333333333333333
2.933333333333333
4.266666666666667
7.866666666666666
2.533333333333333
4.2
3.4
6.866666666666666
7.466666666666667
2.6666666666666665
3.533333333333333
2.3333333333333335
3.933333333333333
2.2666666666666666
4.266666666666667
3.066666666666667
4.466666666666667
3.466666666666667
1.9333333333333333
3.1333333333333333
7.666666666666667
4.533333333333333
3.6666666666666665
3.8
2.8666666666666667
3.2
1.8666666666666667
2.533333333333333
7.2
2.533333333333333
1.4666666666666666
3.0
2.6666666666666665
2.3333333333333335
7.066666666666666
3.1333333333333333
3.4
3.6666666666666665
4.2
2.6666666666666665
1.7333333333333334
4.133333333333334
2.4
3.466666666666667
4.333333333333333
3.1333333333333333
1.9333333333333333
3.933333333333333
5.666666666666667
3.8
9.4
3.066666666666667
2.6666666666666665
2.066666666666667
3.1333333333333333
6.866666666666666
3.8666666666666667
5.533333333333333
2.6666666666666665
1.6
2.6
1.6666666666666667
1.6
3.4
2.4
1.5333333333333334
1.2
5.4
2.066666666666667
3.066666666666667
2.1333333333333333
3.466666666666667
2.933333333333333
2.1333333333333333
1.7333333333333334
1.6
4.333333333333333
7.066666666666666
9.133333333333333
3.6
0.4
3.933333333333333
3.8
3.8666666666666667
4.6
7.666666666666667
9.266666666666667
3.3333333333333335
3.8
2.466666666666667
2.533333333333333
6.4
12.866666666666667
2.933333333333333
4.2
10.333333333333334
1.8666666666666667
2.2666666666666666
4.0
4.533333333333333
3.933333333333333
4.2
6.066666666666666
5.266666666666667
4.333333333333333
1.3333333333333333
2.7333333333333334
4.666666666666667
2.8
2.7333333333333334
3.0
2.4
2.533333333333333
5.066666666666666
3.2
2.7333333333333334
4.066666666666666
2.7333333333333334
4.266666666666667
3.2
2.6666666666666665
3.8
4.133333333333334
3.066666666666667
2.6
1.2
2.1333333333333333
6.133333333333334
2.6
2.933333333333333
3.2666666666666666
2.533333333333333
10.733333333333333
1.8
2.933333333333333
4.533333333333333
4.066666666666666
2.1333333333333333
1.8
3.6666666666666665
2.466666666666667
6.733333333333333
3.1333333333333333
1.8
2.533333333333333
2.1333333333333333
3.6
7.866666666666666
1.9333333333333333
2.066666666666667
4.6
4.6
4.466666666666667
2.3333333333333335
1.7333333333333334
4.866666666666666
4.066666666666666
4.333333333333333
1.8
2.533333333333333
4.333333333333333
2.6
2.6666666666666665
4.8
3.6666666666666665
2.8
4.466666666666667
1.4666666666666666
6.2
2.533333333333333
4.2
2.066666666666667
2.533333333333333
4.333333333333333
5.866666666666666
3.8
3.6666666666666665
2.0
3.466666666666667
3.2
4.666666666666667
4.866666666666666
3.1333333333333333
3.066666666666667
2.8
2.7333333333333334
3.933333333333333
1.7333333333333334
4.8
3.533333333333333
1.1333333333333333
4.333333333333333
3.466666666666667
1.4
2.8
5.733333333333333
2.7333333333333334
0.6
2.8666666666666667
5.066666666666666
2.066666666666667
2.8
12.8
5.866666666666666
3.2
2.8666666666666667
0.7333333333333333
2.933333333333333
57.2
3.6666666666666665
3.6666666666666665
1.8
4.133333333333334
3.2666666666666666
5.2
3.8666666666666667
0.8666666666666667
4.8
1.7333333333333334
4.533333333333333
2.2
2.2666666666666666
6.466666666666667
2.0
3.2666666666666666
2.2
2.1333333333333333
2.4
2.066666666666667
3.933333333333333
4.8
3.533333333333333
4.266666666666667
3.2666666666666666
2.066666666666667
1.6
4.133333333333334
3.2
3.2666666666666666
3.7333333333333334
3.066666666666667
12.0
4.4
4.466666666666667
1.9333333333333333
1.8666666666666667
2.8666666666666667
2.0
4.0
4.333333333333333
1.5333333333333334
6.466666666666667
2.066666666666667
1.9333333333333333
6.8
3.7333333333333334
2.6
11.8
3.8
4.866666666666666
5.6
4.8
4.266666666666667
8.133333333333333
3.2666666666666666
2.8666666666666667
2.933333333333333
4.066666666666666
5.066666666666666
4.533333333333333
5.133333333333334
3.933333333333333
3.466666666666667
3.066666666666667
2.533333333333333
4.133333333333334
8.333333333333334
2.6666666666666665
4.133333333333334
3.6
3.6666666666666665
5.333333333333333
3.066666666666667
3.2666666666666666
4.466666666666667
2.533333333333333
2.6666666666666665
4.466666666666667
3.466666666666667
2.4
1.4666666666666666
2.1333333333333333
2.933333333333333
2.7333333333333334
3.466666666666667
1.8
3.3333333333333335
2.6
3.8
1.2666666666666666
1.4
9.0
1.7333333333333334
2.066666666666667
1.4666666666666666
3.1333333333333333
2.466666666666667
3.8
3.0
1.0666666666666667
8.066666666666666
3.1333333333333333
1.8
5.266666666666667
4.0
2.533333333333333
2.2
2.2
1.8
2.2666666666666666
1.2666666666666666
5.0
3.0
2.6
2.6666666666666665
2.6666666666666665
2.6
4.333333333333333
1.1333333333333333
3.466666666666667
5.733333333333333
0.8
5.333333333333333
1.8666666666666667
2.8
1.9333333333333333
2.4
2.3333333333333335
0.06666666666666667
5.266666666666667
2.066666666666667
5.4
4.266666666666667
2.2666666666666666
4.133333333333334
3.6666666666666665
2.1333333333333333
2.933333333333333
4.133333333333334
3.2666666666666666
2.3333333333333335
3.3333333333333335
5.2
4.666666666666667
2.8666666666666667
0.8666666666666667
2.6666666666666665
5.533333333333333
1.0666666666666667
2.533333333333333
2.933333333333333
3.8666666666666667
2.6
4.0
3.8666666666666667
2.1333333333333333
4.733333333333333
3.0
3.8666666666666667
2.1333333333333333
10.2
3.1333333333333333
10.866666666666667
1.6666666666666667
2.3333333333333335
2.3333333333333335
2.3333333333333335
1.1333333333333333
1.8666666666666667
2.3333333333333335
4.8
3.066666666666667
5.066666666666666
2.6666666666666665
2.0
7.6
4.133333333333334
3.466666666666667
3.1333333333333333
4.0
3.533333333333333
4.866666666666666
3.1333333333333333
1.9333333333333333
4.733333333333333
6.666666666666667
3.0
2.6666666666666665
2.4
8.533333333333333
1.2666666666666666
1.7333333333333334
2.2666666666666666
1.4
2.8666666666666667
3.6666666666666665
3.466666666666667
5.533333333333333
2.2
2.8666666666666667
3.4
3.533333333333333
5.0
2.7333333333333334
4.333333333333333
1.8
3.7333333333333334
3.8666666666666667
4.666666666666667
7.533333333333333
3.0
5.266666666666667
1.1333333333333333
2.0
4.4
3.8666666666666667
4.266666666666667
3.4
3.6
2.3333333333333335
3.933333333333333
2.2666666666666666
2.3333333333333335
1.9333333333333333
2.933333333333333
2.466666666666667
2.8666666666666667
3.2666666666666666
1.8666666666666667
3.533333333333333
3.6666666666666665
4.133333333333334
1.4666666666666666
3.6
2.3333333333333335
1.8666666666666667
3.6666666666666665
3.533333333333333
4.066666666666666
1.1333333333333333
3.0
4.6
1.4
4.0
2.0
3.6
4.066666666666666
3.6666666666666665
2.0
3.466666666666667
4.6
5.133333333333334
2.533333333333333
2.933333333333333
2.533333333333333
2.8
2.7333333333333334
8.533333333333333
2.2666666666666666
3.6666666666666665
1.0
0.8666666666666667
13.8
4.0
3.4
1.2
2.6666666666666665
3.6666666666666665
3.6666666666666665
1.3333333333333333
4.733333333333333
6.933333333333334
5.466666666666667
3.7333333333333334
2.533333333333333
2.7333333333333334
2.3333333333333335
2.6666666666666665
7.866666666666666
1.2
3.0
3.8666666666666667
3.4
3.0
5.266666666666667
5.066666666666666
2.533333333333333
1.6666666666666667
2.066666666666667
