4.933333333333334
5.6
7.333333333333333
12.0
12.266666666666667
2.1333333333333333
6.066666666666666
13.4
2.8666666666666667
6.866666666666666
9.333333333333334
6.333333333333333
4.333333333333333
4.466666666666667
1.2
8.866666666666667
8.6
8.533333333333333
4.6
5.666666666666667
5.466666666666667
15.466666666666667
8.2
14.8
2.1333333333333333
6.8
8.133333333333333
7.933333333333334
0.7333333333333333
3.8666666666666667
9.333333333333334
9.0
4.8
8.2
3.6
7.4
9.8
3.8666666666666667
3.2
8.8
5.133333333333334
1.0666666666666667
11.466666666666667
8.266666666666667
9.266666666666667
3.466666666666667
5.266666666666667
9.266666666666667
4.533333333333333
8.133333333333333
10.666666666666666
0.26666666666666666
6.4
5.066666666666666
8.133333333333333
2.466666666666667
12.333333333333334
12.333333333333334
8.8
6.866666666666666
5.333333333333333
2.4
6.533333333333333
10.6
6.0
23.533333333333335
6.333333333333333
6.8
7.933333333333334
6.866666666666666
0.4
1.9333333333333333
4.4
8.133333333333333
2.4
4.8
3.1333333333333333
2.6666666666666665
8.266666666666667
5.266666666666667
8.933333333333334
6.866666666666666
5.2
3.3333333333333335
9.333333333333334
5.133333333333334
12.933333333333334
4.0
6.4
14.466666666666667
1.5333333333333334
4.133333333333334
12.266666666666667
5.666666666666667
9.066666666666666
6.466666666666667
8.0
12.066666666666666
7.0
4.6
6.0
11.466666666666667
4.4
7.666666666666667
3.8
1.8666666666666667
6.666666666666667
4.8
5.333333333333333
11.866666666666667
10.666666666666666
6.066666666666666
6.666666666666667
4.266666666666667
9.666666666666666
10.866666666666667
10.8
6.733333333333333
8.133333333333333
10.8
6.066666666666666
9.066666666666666
10.266666666666667
2.2
7.066666666666666
10.0
7.466666666666667
10.133333333333333
9.4
5.866666666666666
11.0
2.2666666666666666
11.066666666666666
9.666666666666666
4.6
7.733333333333333
4.4
11.733333333333333
11.0
12.466666666666667
3.2
9.533333333333333
15.266666666666667
4.266666666666667
4.466666666666667
3.2
2.4
2.1333333333333333
2.8
9.733333333333333
1.9333333333333333
8.4
8.933333333333334
7.733333333333333
4.933333333333334
2.7333333333333334
4.066666666666666
7.2
8.0
12.466666666666667
3.8666666666666667
3.4
8.8
10.2
9.866666666666667
2.8
7.933333333333334
2.533333333333333
6.2
6.466666666666667
7.0
5.933333333333334
10.0
11.0
7.933333333333334
8.866666666666667
3.0
6.6
0.06666666666666667
2.4
1.4666666666666666
3.6
6.933333333333334
7.133333333333334
4.333333333333333
6.133333333333334
4.8
9.866666666666667
0.6666666666666666
9.6
6.733333333333333
5.333333333333333
1.6666666666666667
6.533333333333333
4.4
7.533333333333333
9.133333333333333
12.4
5.2
7.933333333333334
8.933333333333334
15.466666666666667
4.266666666666667
5.533333333333333
6.933333333333334
4.466666666666667
1.8
1.6
6.0
11.0
9.2
2.933333333333333
1.7333333333333334
2.0
3.2
4.6
6.6
10.133333333333333
6.066666666666666
5.133333333333334
12.733333333333333
9.733333333333333
4.8
7.533333333333333
9.4
0.8666666666666667
2.4
2.6
6.733333333333333
3.7333333333333334
9.4
7.866666666666666
3.2666666666666666
9.2
1.9333333333333333
6.733333333333333
7.4
7.333333333333333
6.466666666666667
11.733333333333333
10.533333333333333
8.0
4.4
13.266666666666667
9.666666666666666
5.933333333333334
6.066666666666666
11.133333333333333
9.666666666666666
6.333333333333333
11.266666666666667
3.6
9.466666666666667
6.733333333333333
9.866666666666667
6.466666666666667
9.733333333333333
8.266666666666667
7.333333333333333
9.466666666666667
5.2
5.666666666666667
10.933333333333334
11.8
0.26666666666666666
5.8
4.666666666666667
7.266666666666667
7.666666666666667
12.866666666666667
4.133333333333334
3.6
9.6
7.6
5.466666666666667
12.266666666666667
10.0
3.1333333333333333
9.333333333333334
10.133333333333333
9.8
11.2
2.933333333333333
8.066666666666666
3.8
6.2
3.066666666666667
5.466666666666667
4.0
5.4
5.6
6.933333333333334
4.733333333333333
11.266666666666667
8.066666666666666
5.266666666666667
6.266666666666667
5.733333333333333
4.8
4.2
14.733333333333333
5.733333333333333
1.8666666666666667
3.7333333333333334
9.6
7.666666666666667
9.133333333333333
6.133333333333334
7.4
14.066666666666666
9.0
5.666666666666667
12.2
3.0
9.533333333333333
3.466666666666667
4.533333333333333
6.0
4.666666666666667
0.5333333333333333
5.666666666666667
7.933333333333334
11.733333333333333
3.1333333333333333
1.0
3.6666666666666665
7.133333333333334
7.666666666666667
3.7333333333333334
5.866666666666666
5.533333333333333
4.2
11.266666666666667
5.066666666666666
1.4666666666666666
12.866666666666667
7.8
8.0
7.6
10.066666666666666
8.133333333333333
7.8
2.533333333333333
11.4
4.733333333333333
5.666666666666667
7.4
8.6
9.2
4.066666666666666
8.866666666666667
6.733333333333333
4.2
16.866666666666667
6.6
10.4
8.4
11.333333333333334
6.0
3.933333333333333
9.333333333333334
5.866666666666666
5.866666666666666
10.866666666666667
6.8
8.666666666666666
9.733333333333333
15.6
3.8
7.0
5.866666666666666
3.6
6.133333333333334
17.4
5.266666666666667
14.933333333333334
5.0
5.466666666666667
12.6
6.933333333333334
8.466666666666667
4.2
9.2
8.466666666666667
8.2
10.066666666666666
3.066666666666667
8.933333333333334
5.8
16.466666666666665
8.666666666666666
18.333333333333332
0.6666666666666666
2.7333333333333334
6.066666666666666
6.266666666666667
7.0
6.0
2.1333333333333333
5.6
6.666666666666667
5.466666666666667
6.533333333333333
13.933333333333334
6.333333333333333
7.466666666666667
9.466666666666667
7.933333333333334
6.8
0.8666666666666667
12.0
4.266666666666667
3.466666666666667
6.733333333333333
6.0
8.866666666666667
7.2
11.133333333333333
13.4
11.333333333333334
18.266666666666666
6.133333333333334
5.2
3.8666666666666667
7.266666666666667
6.866666666666666
4.266666666666667
1.4666666666666666
7.266666666666667
6.4
6.533333333333333
3.0
8.866666666666667
8.733333333333333
10.4
13.933333333333334
3.466666666666667
4.933333333333334
8.2
4.066666666666666
1.8
6.133333333333334
8.466666666666667
2.466666666666667
10.733333333333333
7.066666666666666
6.8
6.066666666666666
2.533333333333333
7.933333333333334
7.933333333333334
8.733333333333333
5.933333333333334
12.2
8.933333333333334
6.6
3.2
4.0
4.066666666666666
7.733333333333333
4.133333333333334
10.266666666666667
6.733333333333333
8.733333333333333
2.1333333333333333
10.2
10.0
0.6666666666666666
6.6
6.133333333333334
7.866666666666666
13.0
9.4
13.6
2.1333333333333333
8.6
6.266666666666667
7.6
13.933333333333334
11.4
5.933333333333334
0.7333333333333333
6.866666666666666
0.8
1.0
10.333333333333334
4.333333333333333
3.6
11.266666666666667
2.2666666666666666
8.266666666666667
3.0
2.8666666666666667
1.8
9.0
2.6
9.133333333333333
5.666666666666667
8.333333333333334
6.533333333333333
3.0
6.733333333333333
7.466666666666667
4.466666666666667
5.333333333333333
5.466666666666667
8.266666666666667
5.666666666666667
8.466666666666667
9.733333333333333
4.0
5.733333333333333
2.6
4.8
2.933333333333333
6.133333333333334
4.066666666666666
7.4
6.733333333333333
6.933333333333334
8.866666666666667
3.533333333333333
7.866666666666666
5.4
3.8666666666666667
5.066666666666666
3.7333333333333334
6.466666666666667
2.4
1.7333333333333334
8.066666666666666
6.133333333333334
8.8
43.0
5.733333333333333
9.2
5.933333333333334
6.666666666666667
6.733333333333333
9.0
5.533333333333333
6.8
6.8
3.2
3.7333333333333334
1.0666666666666667
10.0
2.0
11.066666666666666
9.533333333333333
8.133333333333333
2.6
11.4
5.866666666666666
8.733333333333333
13.733333333333333
3.7333333333333334
1.4666666666666666
1.8
0.06666666666666667
1.2
1.7333333333333334
7.8
16.533333333333335
13.0
5.4
4.733333333333333
6.866666666666666
10.466666666666667
2.6666666666666665
9.8
8.066666666666666
11.333333333333334
1.1333333333333333
10.333333333333334
8.4
4.133333333333334
8.466666666666667
8.4
1.8666666666666667
14.6
4.733333333333333
8.466666666666667
7.933333333333334
10.666666666666666
15.133333333333333
6.733333333333333
13.266666666666667
4.8
2.0
11.133333333333333
6.733333333333333
2.2666666666666666
2.6666666666666665
5.8
7.533333333333333
8.266666666666667
2.0
5.4
3.2
7.933333333333334
8.0
10.2
6.733333333333333
3.466666666666667
4.466666666666667
7.733333333333333
12.133333333333333
3.066666666666667
2.933333333333333
11.2
2.0
11.4
7.666666666666667
14.933333333333334
11.2
5.666666666666667
8.333333333333334
5.866666666666666
8.666666666666666
3.933333333333333
4.466666666666667
11.0
8.266666666666667
3.3333333333333335
9.066666666666666
6.6
5.4
12.8
7.4
7.866666666666666
6.466666666666667
5.8
7.4
1.7333333333333334
6.8
4.0
4.4
0.4666666666666667
9.133333333333333
3.933333333333333
1.2
3.6
4.533333333333333
3.466666666666667
11.066666666666666
1.8666666666666667
9.333333333333334
6.733333333333333
15.666666666666666
6.866666666666666
7.6
5.266666666666667
1.4666666666666666
11.933333333333334
7.933333333333334
6.466666666666667
2.2666666666666666
2.6666666666666665
8.4
15.333333333333334
7.0
5.466666666666667
7.733333333333333
3.3333333333333335
4.266666666666667
8.466666666666667
2.8
7.0
14.866666666666667
7.666666666666667
4.8
7.466666666666667
7.8
6.533333333333333
2.8
10.933333333333334
5.866666666666666
14.6
11.333333333333334
8.466666666666667
3.6
8.333333333333334
2.066666666666667
5.466666666666667
14.066666666666666
12.266666666666667
9.666666666666666
4.933333333333334
8.866666666666667
3.6
7.066666666666666
4.733333333333333
6.933333333333334
11.266666666666667
7.4
3.7333333333333334
7.666666666666667
7.266666666666667
3.2666666666666666
9.933333333333334
9.8
4.333333333333333
7.133333333333334
12.933333333333334
9.6
7.266666666666667
9.0
7.466666666666667
5.066666666666666
4.866666666666666
8.2
13.466666666666667
5.2
7.466666666666667
0.9333333333333333
2.2
13.733333333333333
10.0
3.466666666666667
7.333333333333333
7.266666666666667
9.4
6.2
13.2
2.8666666666666667
9.866666666666667
6.4
1.0
5.933333333333334
5.4
5.666666666666667
8.4
3.933333333333333
3.8666666666666667
6.2
9.6
3.1333333333333333
10.333333333333334
5.733333333333333
6.666666666666667
8.133333333333333
3.2
8.533333333333333
7.333333333333333
6.066666666666666
5.066666666666666
3.1333333333333333
1.4666666666666666
2.933333333333333
3.466666666666667
8.466666666666667
7.733333333333333
2.2
8.2
7.6
1.6
3.533333333333333
12.066666666666666
3.8666666666666667
12.8
11.8
2.6
2.8
6.066666666666666
3.3333333333333335
9.533333333333333
8.266666666666667
6.8
6.0
8.066666666666666
4.733333333333333
8.333333333333334
6.466666666666667
7.133333333333334
5.533333333333333
5.2
7.8
9.6
4.066666666666666
6.066666666666666
5.333333333333333
2.4
6.733333333333333
3.7333333333333334
18.066666666666666
7.333333333333333
5.733333333333333
8.133333333333333
10.133333333333333
6.6
7.733333333333333
4.933333333333334
7.2
8.6
5.266666666666667
2.2
1.9333333333333333
6.266666666666667
6.333333333333333
1.0
10.0
1.4
6.466666666666667
5.133333333333334
7.533333333333333
8.4
7.066666666666666
7.266666666666667
9.6
4.466666666666667
7.2
6.533333333333333
1.6
9.8
9.6
6.333333333333333
0.9333333333333333
10.866666666666667
5.2
3.1333333333333333
9.466666666666667
1.2
7.733333333333333
7.133333333333334
5.866666666666666
7.733333333333333
5.466666666666667
1.6
11.066666666666666
5.2
3.1333333333333333
7.533333333333333
7.4
8.2
7.0
3.2666666666666666
5.066666666666666
7.6
6.8
3.0
6.133333333333334
11.4
7.266666666666667
5.266666666666667
9.133333333333333
5.933333333333334
5.733333333333333
9.6
3.2666666666666666
6.0
7.266666666666667
5.8
6.266666666666667
20.6
1.3333333333333333
10.333333333333334
3.8
5.133333333333334
5.466666666666667
14.8
12.8
8.4
8.066666666666666
10.333333333333334
7.6
7.4
5.666666666666667
4.4
7.933333333333334
16.933333333333334
14.533333333333333
9.133333333333333
6.0
6.733333333333333
6.133333333333334
2.066666666666667
7.2
2.066666666666667
2.0
1.8666666666666667
6.4
7.533333333333333
4.0
7.266666666666667
5.933333333333334
8.866666666666667
8.733333333333333
8.0
1.8666666666666667
6.933333333333334
3.2
7.533333333333333
8.0
5.6
6.6
7.4
6.866666666666666
1.5333333333333334
5.933333333333334
16.266666666666666
6.266666666666667
8.933333333333334
7.666666666666667
8.533333333333333
17.4
7.333333333333333
2.533333333333333
6.6
12.0
12.2
6.533333333333333
0.8666666666666667
5.6
7.133333333333334
11.666666666666666
1.8
4.333333333333333
6.4
7.533333333333333
8.266666666666667
1.0
7.933333333333334
5.733333333333333
8.133333333333333
11.0
5.333333333333333
11.866666666666667
7.4
6.133333333333334
0.26666666666666666
11.133333333333333
14.666666666666666
7.866666666666666
2.3333333333333335
13.466666666666667
11.4
3.1333333333333333
4.866666666666666
7.8
1.7333333333333334
6.2
10.066666666666666
0.4666666666666667
11.2
2.2666666666666666
7.133333333333334
1.2
6.933333333333334
11.466666666666667
4.066666666666666
11.266666666666667
11.133333333333333
9.466666666666667
9.666666666666666
10.666666666666666
4.6
11.933333333333334
8.933333333333334
4.733333333333333
8.666666666666666
4.666666666666667
5.4
2.1333333333333333
8.333333333333334
8.6
0.8666666666666667
6.333333333333333
11.8
9.466666666666667
16.533333333333335
14.066666666666666
9.2
8.533333333333333
5.6
7.066666666666666
6.066666666666666
5.4
7.466666666666667
7.4
8.133333333333333
9.066666666666666
3.533333333333333
5.533333333333333
12.8
7.666666666666667
3.466666666666667
5.533333333333333
10.066666666666666
9.6
10.933333333333334
5.266666666666667
4.8
12.066666666666666
2.7333333333333334
3.8
10.466666666666667
8.466666666666667
5.133333333333334
6.333333333333333
