5.666666666666667
2.933333333333333
5.0
1.0
9.0
26.6
7.8
4.666666666666667
1.2666666666666666
3.4
9.466666666666667
11.933333333333334
2.8
1.4
3.2
3.8
3.0
5.4
3.8
3.2
3.066666666666667
2.6
14.333333333333334
11.866666666666667
13.333333333333334
2.066666666666667
9.0
10.333333333333334
3.533333333333333
2.8
9.733333333333333
5.6
12.8
2.7333333333333334
3.2666666666666666
6.0
4.4
7.733333333333333
5.333333333333333
3.6
6.466666666666667
5.0
10.2
7.4
12.266666666666667
11.533333333333333
14.933333333333334
6.666666666666667
9.133333333333333
2.8666666666666667
0.5333333333333333
8.4
1.8
6.466666666666667
3.066666666666667
4.333333333333333
10.933333333333334
9.466666666666667
5.066666666666666
3.0
2.8
4.0
6.533333333333333
1.2666666666666666
3.466666666666667
9.466666666666667
13.466666666666667
7.933333333333334
3.2666666666666666
7.8
2.7333333333333334
5.6
2.466666666666667
2.533333333333333
5.533333333333333
6.0
1.9333333333333333
4.933333333333334
3.933333333333333
2.8
10.133333333333333
5.6
9.933333333333334
8.266666666666667
13.733333333333333
7.066666666666666
0.8666666666666667
2.4
5.8
5.733333333333333
11.266666666666667
10.8
6.0
5.2
5.533333333333333
6.8
3.4
13.333333333333334
7.6
6.133333333333334
3.3333333333333335
2.466666666666667
9.933333333333334
8.866666666666667
10.4
15.333333333333334
5.866666666666666
5.866666666666666
10.333333333333334
2.0
7.0
2.8666666666666667
2.6
1.7333333333333334
4.6
14.066666666666666
1.8
3.0
1.5333333333333334
3.8
2.2
9.133333333333333
2.8
5.6
19.8
4.4
8.0
6.0
11.466666666666667
9.4
13.333333333333334
1.8
9.666666666666666
2.8
1.9333333333333333
2.7333333333333334
2.6
4.133333333333334
1.3333333333333333
7.0
3.6666666666666665
12.4
3.6666666666666665
4.666666666666667
3.0
5.6
2.4
4.666666666666667
14.6
2.066666666666667
6.6
7.333333333333333
11.133333333333333
3.0
2.4
5.866666666666666
6.533333333333333
2.8666666666666667
6.066666666666666
3.533333333333333
7.533333333333333
3.2
7.0
2.3333333333333335
8.8
15.466666666666667
11.133333333333333
12.2
8.2
3.6
3.2666666666666666
1.6
4.2
2.933333333333333
1.6
3.7333333333333334
7.333333333333333
11.4
6.133333333333334
8.0
7.8
1.9333333333333333
3.466666666666667
5.466666666666667
2.933333333333333
6.533333333333333
3.933333333333333
7.133333333333334
6.4
6.6
6.4
3.466666666666667
6.6
13.2
2.6
2.066666666666667
8.266666666666667
5.066666666666666
2.6666666666666665
2.6
4.2
11.666666666666666
1.0666666666666667
4.733333333333333
2.7333333333333334
6.533333333333333
4.933333333333334
3.066666666666667
6.4
5.2
1.8
7.4
3.066666666666667
6.333333333333333
2.1333333333333333
5.666666666666667
2.2666666666666666
11.2
10.733333333333333
0.6666666666666666
1.2
3.8
7.0
7.0
5.533333333333333
3.1333333333333333
6.2
9.466666666666667
1.4
8.933333333333334
7.0
5.133333333333334
2.4
4.266666666666667
8.533333333333333
14.8
3.0
2.6
8.0
8.6
3.4
6.333333333333333
4.8
3.533333333333333
3.2
11.0
4.666666666666667
5.933333333333334
4.533333333333333
6.733333333333333
3.533333333333333
9.866666666666667
4.133333333333334
3.8666666666666667
4.0
4.8
5.066666666666666
2.8
3.0
8.0
2.066666666666667
9.733333333333333
4.4
5.4
2.533333333333333
2.3333333333333335
5.133333333333334
4.0
9.466666666666667
11.533333333333333
6.733333333333333
4.666666666666667
4.0
3.2
5.466666666666667
3.7333333333333334
5.466666666666667
11.333333333333334
7.2
7.133333333333334
4.266666666666667
8.8
2.466666666666667
4.133333333333334
7.866666666666666
11.0
8.6
4.133333333333334
1.7333333333333334
3.3333333333333335
7.0
4.8
10.866666666666667
13.133333333333333
7.933333333333334
10.733333333333333
3.7333333333333334
7.333333333333333
7.333333333333333
3.8666666666666667
2.2666666666666666
3.8666666666666667
8.866666666666667
1.7333333333333334
3.1333333333333333
3.6
2.8
11.533333333333333
2.6666666666666665
7.6
4.266666666666667
2.933333333333333
11.266666666666667
1.6666666666666667
4.266666666666667
8.8
6.533333333333333
1.4666666666666666
7.466666666666667
8.0
9.533333333333333
6.533333333333333
4.533333333333333
7.133333333333334
4.6
3.1333333333333333
2.466666666666667
6.4
3.2
7.466666666666667
2.2
6.133333333333334
14.733333333333333
6.8
11.266666666666667
6.333333333333333
4.533333333333333
2.6666666666666665
4.933333333333334
0.9333333333333333
6.666666666666667
3.1333333333333333
8.0
2.8666666666666667
1.8666666666666667
3.2666666666666666
4.0
7.466666666666667
1.7333333333333334
8.133333333333333
4.2
10.866666666666667
3.533333333333333
2.8
3.8666666666666667
2.533333333333333
2.533333333333333
3.066666666666667
6.933333333333334
3.8666666666666667
6.866666666666666
2.466666666666667
9.6
3.2
3.1333333333333333
1.9333333333333333
2.0
2.6
8.466666666666667
6.533333333333333
3.466666666666667
8.0
5.466666666666667
4.066666666666666
7.8
6.2
3.0
3.0
13.266666666666667
3.8
4.6
4.533333333333333
6.733333333333333
4.2
9.0
2.933333333333333
3.0
6.066666666666666
7.266666666666667
11.866666666666667
4.4
4.733333333333333
11.8
3.3333333333333335
2.6
6.6
4.8
5.066666666666666
3.2
11.066666666666666
2.533333333333333
3.6
5.2
2.1333333333333333
5.466666666666667
1.2666666666666666
10.533333333333333
9.933333333333334
9.133333333333333
7.933333333333334
6.933333333333334
4.8
13.066666666666666
7.4
11.333333333333334
2.0
16.6
5.0
3.7333333333333334
4.133333333333334
3.6666666666666665
7.333333333333333
0.3333333333333333
14.8
8.066666666666666
8.266666666666667
5.333333333333333
8.4
7.6
3.8
7.0
8.6
1.8666666666666667
10.133333333333333
7.4
2.466666666666667
5.666666666666667
2.1333333333333333
2.933333333333333
3.8666666666666667
14.933333333333334
5.066666666666666
3.1333333333333333
3.066666666666667
4.6
11.066666666666666
3.533333333333333
2.6
12.8
4.066666666666666
3.4
8.466666666666667
3.466666666666667
3.2
9.733333333333333
4.266666666666667
4.2
6.6
8.133333333333333
7.533333333333333
2.533333333333333
5.2
9.8
7.066666666666666
7.133333333333334
3.933333333333333
2.933333333333333
1.4666666666666666
3.533333333333333
13.666666666666666
10.133333333333333
5.8
6.733333333333333
9.866666666666667
4.0
6.2
8.066666666666666
9.466666666666667
7.8
6.333333333333333
5.066666666666666
3.533333333333333
6.6
16.533333333333335
13.133333333333333
2.933333333333333
9.866666666666667
6.333333333333333
2.4
2.8
5.933333333333334
3.3333333333333335
7.0
3.466666666666667
7.266666666666667
11.733333333333333
4.066666666666666
2.4
22.333333333333332
10.466666666666667
11.0
2.0
5.266666666666667
2.8666666666666667
1.4
8.466666666666667
4.666666666666667
7.466666666666667
7.466666666666667
11.266666666666667
2.6
6.6
3.1333333333333333
2.7333333333333334
2.2
4.666666666666667
3.1333333333333333
1.9333333333333333
6.8
10.8
4.333333333333333
4.8
5.666666666666667
2.933333333333333
10.266666666666667
5.333333333333333
4.466666666666667
4.666666666666667
8.0
12.333333333333334
13.666666666666666
8.666666666666666
5.466666666666667
10.733333333333333
9.666666666666666
5.2
6.8
9.333333333333334
7.133333333333334
1.7333333333333334
1.8666666666666667
4.6
11.0
5.733333333333333
13.066666666666666
1.4666666666666666
8.333333333333334
8.0
3.2666666666666666
2.066666666666667
3.2666666666666666
3.0
1.8
3.2666666666666666
13.333333333333334
3.6
9.133333333333333
3.6666666666666665
8.2
4.933333333333334
7.266666666666667
2.3333333333333335
9.066666666666666
10.933333333333334
3.933333333333333
5.266666666666667
10.933333333333334
3.066666666666667
5.266666666666667
0.9333333333333333
3.6
7.4
4.666666666666667
2.2666666666666666
11.2
6.466666666666667
6.466666666666667
10.266666666666667
17.2
3.7333333333333334
3.533333333333333
1.8666666666666667
4.133333333333334
2.6666666666666665
9.333333333333334
6.866666666666666
3.066666666666667
6.0
15.266666666666667
10.0
2.066666666666667
5.733333333333333
7.0
3.3333333333333335
7.933333333333334
9.066666666666666
7.333333333333333
1.8666666666666667
3.4
4.866666666666666
2.933333333333333
3.1333333333333333
3.3333333333333335
10.133333333333333
1.4666666666666666
7.933333333333334
7.266666666666667
3.8666666666666667
10.333333333333334
3.1333333333333333
9.733333333333333
12.2
2.533333333333333
7.333333333333333
10.0
7.133333333333334
7.0
8.933333333333334
1.6
2.7333333333333334
0.13333333333333333
4.933333333333334
5.866666666666666
1.3333333333333333
4.866666666666666
5.0
5.333333333333333
3.933333333333333
9.866666666666667
4.133333333333334
4.066666666666666
2.533333333333333
4.666666666666667
2.6666666666666665
5.133333333333334
4.4
2.2666666666666666
5.333333333333333
1.2666666666666666
13.8
9.2
0.9333333333333333
3.6
2.466666666666667
3.0
9.0
6.8
4.266666666666667
7.333333333333333
4.8
10.866666666666667
3.2
2.0
2.533333333333333
3.0
10.733333333333333
5.866666666666666
4.533333333333333
6.8
4.666666666666667
6.266666666666667
1.7333333333333334
1.2666666666666666
3.6
4.933333333333334
2.466666666666667
4.466666666666667
5.8
4.666666666666667
7.533333333333333
4.8
8.066666666666666
12.0
1.2666666666666666
4.4
5.0
1.6666666666666667
0.8666666666666667
2.1333333333333333
3.1333333333333333
8.8
3.066666666666667
3.6
5.533333333333333
6.4
10.266666666666667
5.933333333333334
4.6
4.666666666666667
3.2
9.733333333333333
1.0666666666666667
5.533333333333333
5.2
0.8666666666666667
4.133333333333334
2.2666666666666666
10.0
2.8
4.866666666666666
5.6
7.266666666666667
9.933333333333334
5.333333333333333
4.2
7.4
6.933333333333334
7.666666666666667
3.466666666666667
8.066666666666666
12.133333333333333
7.0
9.866666666666667
2.3333333333333335
7.8
7.4
1.4
4.466666666666667
2.3333333333333335
1.5333333333333334
3.066666666666667
4.133333333333334
2.466666666666667
7.2
12.0
2.4
7.866666666666666
8.466666666666667
3.2
11.133333333333333
11.2
6.333333333333333
7.6
3.2
1.7333333333333334
8.466666666666667
2.7333333333333334
2.1333333333333333
4.533333333333333
9.466666666666667
9.333333333333334
5.133333333333334
6.466666666666667
3.533333333333333
9.266666666666667
2.8
6.666666666666667
8.8
9.933333333333334
9.133333333333333
3.6
5.733333333333333
2.8666666666666667
3.3333333333333335
4.266666666666667
6.066666666666666
5.666666666666667
3.2666666666666666
7.4
6.933333333333334
3.8666666666666667
2.4
19.133333333333333
8.533333333333333
6.333333333333333
8.466666666666667
1.7333333333333334
1.9333333333333333
20.4
4.4
6.266666666666667
1.6
1.9333333333333333
2.533333333333333
3.1333333333333333
4.0
5.2
12.533333333333333
8.2
8.533333333333333
9.733333333333333
7.6
3.533333333333333
8.666666666666666
1.9333333333333333
3.1333333333333333
3.6666666666666665
4.666666666666667
5.866666666666666
2.933333333333333
0.6
2.6666666666666665
7.0
3.533333333333333
2.466666666666667
3.466666666666667
25.933333333333334
3.066666666666667
1.8
21.066666666666666
3.4
5.466666666666667
7.066666666666666
4.0
1.0666666666666667
2.2666666666666666
5.2
4.133333333333334
4.0
8.0
1.0
10.066666666666666
10.333333333333334
3.8
6.866666666666666
3.1333333333333333
4.0
10.266666666666667
6.466666666666667
2.933333333333333
3.933333333333333
7.266666666666667
7.2
2.066666666666667
8.333333333333334
1.7333333333333334
2.7333333333333334
5.0
6.466666666666667
2.533333333333333
2.6666666666666665
10.0
5.0
4.0
1.8666666666666667
2.933333333333333
4.266666666666667
6.133333333333334
1.4666666666666666
7.4
3.4
15.266666666666667
3.2
2.0
3.533333333333333
3.6666666666666665
7.2
4.866666666666666
1.0666666666666667
2.066666666666667
7.8
3.7333333333333334
7.4
6.6
2.533333333333333
2.7333333333333334
3.6666666666666665
1.2666666666666666
3.3333333333333335
6.533333333333333
5.866666666666666
9.933333333333334
8.066666666666666
2.2
4.133333333333334
3.4
4.4
10.333333333333334
6.466666666666667
4.4
2.1333333333333333
2.3333333333333335
9.8
1.8
12.733333333333333
8.0
1.0
9.333333333333334
8.733333333333333
8.4
8.133333333333333
2.8666666666666667
6.066666666666666
5.933333333333334
15.6
3.7333333333333334
9.0
5.733333333333333
5.866666666666666
2.066666666666667
5.066666666666666
3.1333333333333333
3.466666666666667
10.266666666666667
4.466666666666667
12.533333333333333
1.0666666666666667
5.8
6.0
2.066666666666667
3.466666666666667
6.666666666666667
3.6666666666666665
6.266666666666667
5.266666666666667
4.333333333333333
2.933333333333333
3.0
6.733333333333333
2.2666666666666666
4.2
5.266666666666667
7.733333333333333
9.066666666666666
9.266666666666667
9.333333333333334
5.066666666666666
2.8
6.8
9.2
0.6
3.3333333333333335
12.0
0.4
12.733333333333333
5.266666666666667
13.8
4.333333333333333
10.8
1.8
5.066666666666666
9.933333333333334
4.666666666666667
1.6666666666666667
9.133333333333333
8.266666666666667
4.0
4.266666666666667
3.1333333333333333
9.266666666666667
2.8
6.6
9.133333333333333
5.933333333333334
2.933333333333333
6.6
3.3333333333333335
15.0
8.066666666666666
1.1333333333333333
8.266666666666667
3.466666666666667
3.8
3.6
9.4
6.466666666666667
2.6
2.066666666666667
2.0
6.533333333333333
5.066666666666666
5.066666666666666
10.266666666666667
4.066666666666666
11.066666666666666
5.266666666666667
13.666666666666666
2.8666666666666667
7.666666666666667
2.466666666666667
9.8
3.6
8.066666666666666
4.466666666666667
11.866666666666667
3.2666666666666666
3.7333333333333334
8.6
8.6
2.2
3.533333333333333
4.133333333333334
4.866666666666666
4.666666666666667
1.6666666666666667
3.066666666666667
5.666666666666667
2.0
9.666666666666666
4.533333333333333
2.933333333333333
6.666666666666667
1.9333333333333333
7.266666666666667
8.4
1.8
3.533333333333333
5.4
2.8666666666666667
5.666666666666667
