3.066666666666667
11.0
17.4
2.8
4.333333333333333
2.933333333333333
5.733333333333333
14.8
4.4
4.2
2.066666666666667
2.8666666666666667
9.6
7.333333333333333
5.866666666666666
4.133333333333334
8.533333333333333
2.8
7.533333333333333
7.666666666666667
6.0
5.466666666666667
3.8
11.266666666666667
3.4
4.0
6.8
11.466666666666667
4.6
8.066666666666666
11.133333333333333
4.733333333333333
4.133333333333334
12.6
4.466666666666667
5.066666666666666
8.666666666666666
2.6666666666666665
5.6
5.866666666666666
3.466666666666667
1.6
10.666666666666666
2.1333333333333333
4.666666666666667
8.133333333333333
4.466666666666667
4.0
10.666666666666666
6.2
4.0
8.466666666666667
8.266666666666667
3.7333333333333334
4.6
4.266666666666667
9.666666666666666
3.8666666666666667
10.4
4.0
5.466666666666667
8.0
4.6
4.6
7.933333333333334
0.6666666666666666
4.133333333333334
4.066666666666666
2.933333333333333
3.2666666666666666
7.4
5.733333333333333
1.2666666666666666
3.2666666666666666
5.6
5.333333333333333
12.133333333333333
6.733333333333333
2.466666666666667
2.6666666666666665
7.4
2.8
4.533333333333333
4.6
4.266666666666667
3.6666666666666665
8.066666666666666
14.4
15.133333333333333
6.0
2.1333333333333333
6.6
12.333333333333334
5.066666666666666
2.1333333333333333
5.933333333333334
5.8
4.266666666666667
9.533333333333333
8.466666666666667
3.6
4.066666666666666
2.8666666666666667
10.533333333333333
4.733333333333333
1.9333333333333333
26.333333333333332
4.0
4.8
14.2
6.266666666666667
13.933333333333334
14.4
2.8666666666666667
2.4
3.1333333333333333
6.0
8.4
4.866666666666666
3.6
3.4
1.8666666666666667
4.933333333333334
4.6
2.3333333333333335
6.333333333333333
1.1333333333333333
5.733333333333333
2.7333333333333334
1.0
2.4
4.666666666666667
8.133333333333333
4.4
11.066666666666666
7.2
5.0
11.733333333333333
12.933333333333334
7.066666666666666
4.933333333333334
4.266666666666667
4.333333333333333
15.6
3.8666666666666667
14.466666666666667
8.466666666666667
8.333333333333334
9.533333333333333
5.466666666666667
3.066666666666667
2.8
13.133333333333333
6.8
4.333333333333333
5.266666666666667
3.3333333333333335
11.133333333333333
2.2
6.466666666666667
2.0
4.2
11.6
2.2666666666666666
1.8
3.4
12.8
6.0
3.6666666666666665
8.666666666666666
5.4
6.066666666666666
6.333333333333333
3.466666666666667
8.333333333333334
2.7333333333333334
4.666666666666667
3.6
6.2
3.6666666666666665
2.933333333333333
7.733333333333333
5.2
9.8
5.4
3.3333333333333335
0.2
4.533333333333333
6.4
17.333333333333332
7.2
2.8
7.2
2.7333333333333334
4.533333333333333
7.666666666666667
3.4
10.333333333333334
7.333333333333333
2.933333333333333
1.8
1.1333333333333333
5.0
5.6
7.266666666666667
1.3333333333333333
2.2
5.666666666666667
3.533333333333333
1.8666666666666667
4.8
4.8
2.1333333333333333
0.7333333333333333
7.266666666666667
8.333333333333334
6.733333333333333
4.266666666666667
4.266666666666667
6.0
4.666666666666667
6.2
5.533333333333333
3.4
12.4
7.6
8.333333333333334
3.533333333333333
5.333333333333333
5.866666666666666
6.333333333333333
4.666666666666667
1.0666666666666667
2.066666666666667
3.533333333333333
1.0666666666666667
5.6
7.333333333333333
6.2
4.0
11.8
1.4
18.333333333333332
5.4
8.133333333333333
14.533333333333333
3.3333333333333335
5.133333333333334
6.6
2.933333333333333
3.0
3.3333333333333335
7.666666666666667
3.2666666666666666
6.533333333333333
2.533333333333333
15.266666666666667
7.866666666666666
6.0
4.4
7.466666666666667
6.4
1.7333333333333334
10.6
6.266666666666667
6.733333333333333
4.0
4.8
5.8
5.4
4.2
4.466666666666667
7.4
7.0
4.466666666666667
5.066666666666666
4.666666666666667
6.066666666666666
4.6
2.8
6.666666666666667
3.8
5.733333333333333
3.066666666666667
5.0
8.933333333333334
4.6
1.9333333333333333
6.933333333333334
5.4
6.466666666666667
3.6666666666666665
7.6
7.333333333333333
7.066666666666666
14.066666666666666
8.8
3.2666666666666666
8.8
1.5333333333333334
5.4
20.733333333333334
6.666666666666667
4.6
10.666666666666666
3.4
4.133333333333334
2.3333333333333335
8.2
15.533333333333333
6.533333333333333
6.866666666666666
1.6666666666666667
6.933333333333334
15.333333333333334
0.06666666666666667
3.466666666666667
2.533333333333333
7.733333333333333
10.733333333333333
2.4
10.133333333333333
7.733333333333333
2.2
2.066666666666667
8.066666666666666
14.466666666666667
1.9333333333333333
6.866666666666666
5.6
3.7333333333333334
4.066666666666666
2.7333333333333334
3.0
4.933333333333334
3.0
2.533333333333333
1.2
5.6
3.8666666666666667
1.4666666666666666
2.4
6.666666666666667
3.0
1.3333333333333333
10.2
3.3333333333333335
4.266666666666667
17.4
3.7333333333333334
2.466666666666667
2.2666666666666666
3.6666666666666665
6.266666666666667
3.8666666666666667
4.066666666666666
6.0
3.8666666666666667
5.866666666666666
4.533333333333333
6.533333333333333
5.533333333333333
3.6666666666666665
9.4
2.1333333333333333
3.3333333333333335
14.533333333333333
3.1333333333333333
14.933333333333334
4.6
23.866666666666667
3.2666666666666666
9.133333333333333
5.0
5.866666666666666
2.8666666666666667
6.2
4.333333333333333
5.466666666666667
3.1333333333333333
4.466666666666667
5.933333333333334
5.333333333333333
1.8
6.066666666666666
8.733333333333333
7.666666666666667
7.8
4.266666666666667
6.066666666666666
9.2
6.266666666666667
5.733333333333333
3.066666666666667
4.8
3.466666666666667
7.266666666666667
3.4
7.6
15.0
3.8666666666666667
5.066666666666666
3.8
1.5333333333333334
3.8666666666666667
13.533333333333333
12.666666666666666
5.333333333333333
5.466666666666667
14.733333333333333
11.866666666666667
8.333333333333334
3.6666666666666665
3.6
4.533333333333333
41.2
7.4
1.0666666666666667
13.6
7.933333333333334
13.0
8.333333333333334
6.066666666666666
10.733333333333333
7.2
3.066666666666667
9.8
2.3333333333333335
1.7333333333333334
5.8
5.666666666666667
4.866666666666666
7.2
2.8666666666666667
13.8
3.7333333333333334
3.1333333333333333
5.2
2.4
14.4
7.466666666666667
1.8
1.8666666666666667
8.2
6.6
2.8
6.866666666666666
4.6
5.2
27.666666666666668
4.333333333333333
12.533333333333333
2.933333333333333
2.533333333333333
7.8
6.733333333333333
3.6666666666666665
5.133333333333334
9.2
6.666666666666667
3.6
2.4
5.733333333333333
4.2
3.0
11.666666666666666
5.733333333333333
2.933333333333333
4.533333333333333
2.3333333333333335
4.133333333333334
7.533333333333333
4.8
4.666666666666667
4.8
3.2
5.6
2.533333333333333
4.133333333333334
9.8
3.466666666666667
1.4
4.2
6.266666666666667
2.1333333333333333
0.2
3.8
3.0
6.0
12.666666666666666
5.4
7.466666666666667
17.066666666666666
5.466666666666667
3.8666666666666667
5.933333333333334
5.066666666666666
14.4
4.533333333333333
3.066666666666667
6.4
2.4
4.466666666666667
1.3333333333333333
10.666666666666666
2.0
2.4
5.466666666666667
3.533333333333333
2.6666666666666665
4.066666666666666
18.666666666666668
5.533333333333333
0.9333333333333333
2.8
3.2666666666666666
4.0
5.733333333333333
1.4666666666666666
5.333333333333333
9.533333333333333
3.066666666666667
12.866666666666667
3.933333333333333
4.266666666666667
5.066666666666666
3.066666666666667
2.6
7.0
3.8
8.4
5.933333333333334
4.533333333333333
3.2666666666666666
7.4
4.866666666666666
7.866666666666666
4.133333333333334
9.733333333333333
3.933333333333333
17.733333333333334
19.866666666666667
5.133333333333334
8.866666666666667
2.1333333333333333
6.8
7.733333333333333
4.266666666666667
3.7333333333333334
3.8666666666666667
5.666666666666667
5.933333333333334
3.1333333333333333
4.466666666666667
5.933333333333334
2.3333333333333335
3.1333333333333333
9.866666666666667
4.933333333333334
5.2
3.066666666666667
18.8
6.866666666666666
7.8
4.933333333333334
12.4
9.8
24.533333333333335
5.466666666666667
7.4
3.4
8.933333333333334
7.4
3.533333333333333
5.0
3.1333333333333333
4.733333333333333
5.2
5.0
3.8666666666666667
3.6
3.933333333333333
4.866666666666666
3.066666666666667
4.866666666666666
12.533333333333333
10.8
4.4
0.6666666666666666
2.7333333333333334
5.733333333333333
5.8
1.9333333333333333
11.6
4.733333333333333
3.933333333333333
5.866666666666666
6.866666666666666
9.6
9.2
10.266666666666667
4.733333333333333
4.466666666666667
0.9333333333333333
3.6666666666666665
3.8666666666666667
11.4
5.4
8.4
6.133333333333334
14.266666666666667
13.4
1.7333333333333334
2.066666666666667
7.6
1.2666666666666666
14.133333333333333
7.333333333333333
4.6
8.533333333333333
8.2
1.2666666666666666
5.466666666666667
8.533333333333333
4.266666666666667
3.2666666666666666
32.4
3.3333333333333335
20.266666666666666
1.4666666666666666
4.733333333333333
5.066666666666666
2.2666666666666666
2.6
2.533333333333333
2.7333333333333334
4.133333333333334
8.933333333333334
2.8666666666666667
4.733333333333333
5.733333333333333
13.933333333333334
7.733333333333333
2.2
8.533333333333333
3.0
5.933333333333334
3.2666666666666666
7.466666666666667
3.066666666666667
6.133333333333334
1.5333333333333334
5.266666666666667
1.1333333333333333
5.0
1.9333333333333333
7.866666666666666
3.7333333333333334
7.266666666666667
4.066666666666666
1.8
5.8
4.8
9.533333333333333
10.4
7.2
1.0
17.466666666666665
5.133333333333334
4.466666666666667
15.133333333333333
2.8666666666666667
2.6666666666666665
1.7333333333333334
7.733333333333333
7.933333333333334
5.466666666666667
3.8666666666666667
2.0
6.533333333333333
6.066666666666666
5.266666666666667
4.933333333333334
1.1333333333333333
8.6
3.933333333333333
2.533333333333333
17.4
6.133333333333334
9.266666666666667
6.133333333333334
4.933333333333334
9.733333333333333
9.4
4.2
9.866666666666667
13.666666666666666
1.6666666666666667
2.6
11.666666666666666
3.6666666666666665
6.0
4.266666666666667
5.933333333333334
5.066666666666666
5.933333333333334
4.0
6.533333333333333
4.866666666666666
3.8
8.4
14.0
5.8
8.8
8.866666666666667
2.7333333333333334
10.333333333333334
17.066666666666666
10.666666666666666
0.8
3.8666666666666667
4.066666666666666
6.4
6.2
15.866666666666667
4.466666666666667
5.733333333333333
2.8
7.133333333333334
4.4
8.8
2.2666666666666666
6.666666666666667
4.733333333333333
6.266666666666667
4.6
4.066666666666666
4.533333333333333
4.266666666666667
4.866666666666666
9.8
2.933333333333333
19.466666666666665
1.4
6.666666666666667
4.333333333333333
2.4
3.4
4.2
4.666666666666667
0.6
8.2
4.2
4.8
14.666666666666666
15.666666666666666
4.466666666666667
4.6
2.3333333333333335
8.6
2.466666666666667
8.333333333333334
7.8
5.8
0.2
5.666666666666667
11.8
13.0
6.533333333333333
4.866666666666666
4.466666666666667
8.533333333333333
7.133333333333334
11.466666666666667
6.733333333333333
4.133333333333334
1.6
5.266666666666667
7.0
3.2
11.133333333333333
5.666666666666667
5.8
12.2
1.6666666666666667
8.133333333333333
2.8
13.6
12.8
4.666666666666667
8.666666666666666
8.866666666666667
1.5333333333333334
3.1333333333333333
5.2
7.4
5.2
7.466666666666667
4.733333333333333
1.9333333333333333
12.733333333333333
8.6
3.6666666666666665
6.266666666666667
11.6
8.533333333333333
3.933333333333333
2.933333333333333
1.8666666666666667
7.4
7.8
3.0
16.133333333333333
5.333333333333333
6.8
6.8
2.3333333333333335
7.466666666666667
15.866666666666667
2.533333333333333
6.733333333333333
4.4
5.466666666666667
7.4
5.8
3.533333333333333
6.466666666666667
12.933333333333334
5.533333333333333
8.866666666666667
4.8
5.466666666666667
3.8
2.8
3.7333333333333334
27.4
4.533333333333333
3.0
4.533333333333333
5.466666666666667
5.933333333333334
3.6
2.6666666666666665
1.5333333333333334
2.0
3.2
7.0
5.6
4.8
4.8
4.8
13.133333333333333
3.3333333333333335
21.6
4.933333333333334
7.266666666666667
8.933333333333334
7.533333333333333
17.0
19.6
15.8
4.4
4.333333333333333
7.933333333333334
7.133333333333334
4.866666666666666
8.266666666666667
3.533333333333333
3.7333333333333334
6.533333333333333
7.0
4.8
6.066666666666666
6.466666666666667
9.333333333333334
4.933333333333334
8.4
3.2666666666666666
15.0
13.266666666666667
14.466666666666667
9.533333333333333
11.733333333333333
7.6
36.86666666666667
5.6
14.466666666666667
15.466666666666667
1.8
5.666666666666667
2.7333333333333334
4.933333333333334
0.6
13.266666666666667
2.8666666666666667
3.6666666666666665
4.2
6.2
8.0
11.8
9.6
23.133333333333333
12.2
2.533333333333333
7.733333333333333
6.866666666666666
6.066666666666666
6.133333333333334
5.933333333333334
14.666666666666666
6.4
10.2
2.4
4.6
2.4
2.6666666666666665
5.133333333333334
18.666666666666668
6.4
7.0
3.933333333333333
2.3333333333333335
4.133333333333334
1.8
10.333333333333334
10.666666666666666
4.866666666666666
6.866666666666666
9.666666666666666
7.866666666666666
4.666666666666667
9.4
12.266666666666667
3.3333333333333335
3.933333333333333
4.066666666666666
5.066666666666666
2.0
17.666666666666668
1.6666666666666667
6.333333333333333
4.133333333333334
3.2
7.133333333333334
3.7333333333333334
3.1333333333333333
4.133333333333334
3.4
4.733333333333333
6.466666666666667
1.6
8.266666666666667
4.666666666666667
4.8
7.6
14.533333333333333
2.8666666666666667
3.933333333333333
5.333333333333333
16.066666666666666
7.6
3.6
4.266666666666667
3.066666666666667
3.6666666666666665
0.7333333333333333
8.266666666666667
8.533333333333333
9.2
5.8
3.3333333333333335
1.6666666666666667
27.8
9.933333333333334
1.1333333333333333
7.0
3.7333333333333334
2.8
7.8
2.933333333333333
6.6
16.666666666666668
5.266666666666667
7.866666666666666
4.866666666666666
6.533333333333333
4.133333333333334
4.133333333333334
5.6
5.666666666666667
3.0
7.066666666666666
10.733333333333333
7.2
15.533333333333333
3.6
4.533333333333333
5.533333333333333
9.2
12.6
