6.866666666666666
5.533333333333333
2.533333333333333
2.3333333333333335
9.133333333333333
3.0
5.8
7.8
5.266666666666667
12.266666666666667
7.733333333333333
3.6
3.8
11.933333333333334
6.866666666666666
9.0
4.933333333333334
6.733333333333333
12.466666666666667
16.466666666666665
5.0
9.666666666666666
4.266666666666667
11.533333333333333
4.4
9.066666666666666
2.0
8.066666666666666
3.7333333333333334
6.866666666666666
1.1333333333333333
1.6
4.333333333333333
3.8
8.866666666666667
3.8
4.266666666666667
2.6
4.066666666666666
7.266666666666667
3.6
4.8
5.533333333333333
7.0
1.7333333333333334
5.6
1.7333333333333334
8.266666666666667
6.066666666666666
15.333333333333334
4.8
2.066666666666667
6.733333333333333
12.266666666666667
6.6
2.0
5.8
4.2
4.333333333333333
5.933333333333334
5.333333333333333
5.733333333333333
12.733333333333333
2.6666666666666665
1.5333333333333334
10.466666666666667
3.466666666666667
4.933333333333334
4.733333333333333
3.466666666666667
13.4
2.7333333333333334
16.666666666666668
8.2
5.2
14.333333333333334
3.4
1.0666666666666667
4.8
19.866666666666667
4.666666666666667
6.533333333333333
3.0
3.933333333333333
5.933333333333334
5.866666666666666
2.4
5.533333333333333
7.266666666666667
2.8
5.8
10.066666666666666
8.133333333333333
5.666666666666667
3.466666666666667
3.533333333333333
14.8
8.4
12.666666666666666
3.533333333333333
8.933333333333334
6.733333333333333
5.666666666666667
2.7333333333333334
2.533333333333333
5.8
5.266666666666667
6.6
5.533333333333333
1.2
17.933333333333334
3.4
2.4
6.466666666666667
3.2
2.2666666666666666
3.2666666666666666
6.266666666666667
2.4
5.4
4.0
3.4
2.6
10.6
4.4
3.8
3.4
4.933333333333334
4.133333333333334
2.8
5.4
2.933333333333333
1.0
2.533333333333333
1.7333333333333334
7.8
8.066666666666666
9.333333333333334
4.466666666666667
4.4
3.8
6.533333333333333
10.066666666666666
6.2
12.266666666666667
6.4
5.266666666666667
5.933333333333334
4.4
3.933333333333333
9.133333333333333
3.8
5.8
5.733333333333333
3.1333333333333333
2.466666666666667
8.866666666666667
11.066666666666666
3.4
4.533333333333333
4.866666666666666
3.8
10.2
3.0
4.933333333333334
8.333333333333334
4.266666666666667
3.2
6.6
2.7333333333333334
8.733333333333333
2.1333333333333333
5.866666666666666
3.7333333333333334
7.533333333333333
16.333333333333332
2.6
7.933333333333334
3.6
7.933333333333334
5.066666666666666
7.6
4.933333333333334
3.0
6.866666666666666
5.133333333333334
3.3333333333333335
6.133333333333334
11.466666666666667
10.333333333333334
2.8666666666666667
8.866666666666667
1.8
3.3333333333333335
7.133333333333334
15.733333333333333
2.466666666666667
8.8
7.4
5.333333333333333
9.4
6.8
3.2
3.8
2.2
8.866666666666667
3.066666666666667
3.2666666666666666
3.7333333333333334
7.466666666666667
1.6
3.1333333333333333
3.6666666666666665
10.066666666666666
1.0
4.933333333333334
1.1333333333333333
1.6666666666666667
2.6
8.533333333333333
1.7333333333333334
5.0
5.4
5.0
10.2
4.8
3.0
9.133333333333333
7.533333333333333
11.0
1.1333333333333333
7.733333333333333
12.8
7.133333333333334
9.666666666666666
13.6
12.666666666666666
3.1333333333333333
5.0
13.133333333333333
2.2666666666666666
5.0
5.0
14.2
18.533333333333335
3.2666666666666666
4.0
2.7333333333333334
14.666666666666666
12.133333333333333
2.8666666666666667
3.8
8.066666666666666
10.133333333333333
3.3333333333333335
4.933333333333334
5.0
10.733333333333333
7.266666666666667
6.933333333333334
3.7333333333333334
10.733333333333333
2.6
7.0
5.8
15.0
4.6
5.266666666666667
6.333333333333333
6.066666666666666
0.06666666666666667
3.2666666666666666
2.066666666666667
7.466666666666667
4.4
9.2
6.266666666666667
3.2
5.466666666666667
2.3333333333333335
17.2
4.333333333333333
10.2
8.4
5.533333333333333
3.066666666666667
12.0
1.8666666666666667
8.866666666666667
7.933333333333334
6.8
8.866666666666667
7.266666666666667
4.733333333333333
6.133333333333334
4.266666666666667
0.9333333333333333
5.0
3.6
8.0
4.6
2.8
3.466666666666667
8.533333333333333
11.4
7.2
3.6
2.533333333333333
5.066666666666666
8.666666666666666
2.933333333333333
3.6666666666666665
2.466666666666667
1.6
11.8
4.066666666666666
1.4
3.0
3.0
4.933333333333334
1.0666666666666667
2.2
6.933333333333334
1.9333333333333333
25.933333333333334
4.6
2.3333333333333335
13.0
2.2666666666666666
3.8666666666666667
4.6
1.9333333333333333
2.4
2.933333333333333
5.466666666666667
7.333333333333333
3.0
7.8
11.466666666666667
15.466666666666667
3.6
8.533333333333333
22.266666666666666
6.6
6.6
2.533333333333333
3.6666666666666665
7.733333333333333
12.333333333333334
5.066666666666666
5.2
7.066666666666666
4.066666666666666
3.466666666666667
5.066666666666666
3.4
8.266666666666667
4.933333333333334
3.8666666666666667
3.1333333333333333
8.266666666666667
7.733333333333333
6.2
5.466666666666667
3.466666666666667
13.266666666666667
9.466666666666667
6.066666666666666
13.866666666666667
5.533333333333333
4.4
7.8
8.6
3.2
7.2
4.133333333333334
2.0
5.2
1.3333333333333333
3.466666666666667
3.1333333333333333
5.0
2.0
7.933333333333334
5.866666666666666
8.2
1.0666666666666667
6.933333333333334
2.8
13.6
3.3333333333333335
2.2666666666666666
6.066666666666666
4.2
7.066666666666666
9.066666666666666
12.4
3.4
5.066666666666666
4.866666666666666
5.2
4.733333333333333
8.133333333333333
2.8
10.8
20.266666666666666
3.933333333333333
5.866666666666666
2.8666666666666667
10.466666666666667
6.533333333333333
7.2
4.733333333333333
14.0
3.466666666666667
3.2
3.533333333333333
1.8666666666666667
1.8666666666666667
9.066666666666666
4.6
5.666666666666667
4.866666666666666
1.8666666666666667
9.266666666666667
14.933333333333334
2.8
4.133333333333334
11.666666666666666
2.933333333333333
1.4666666666666666
6.2
2.466666666666667
10.333333333333334
4.466666666666667
4.6
10.266666666666667
2.533333333333333
8.533333333333333
6.533333333333333
4.2
7.266666666666667
2.2
5.733333333333333
8.0
2.8666666666666667
4.066666666666666
5.333333333333333
1.4666666666666666
6.2
8.0
7.666666666666667
8.066666666666666
10.4
2.0
4.4
2.466666666666667
4.2
4.666666666666667
2.2
6.133333333333334
9.666666666666666
14.266666666666667
4.4
7.333333333333333
4.733333333333333
3.933333333333333
6.2
2.4
8.333333333333334
10.8
6.266666666666667
3.6
12.866666666666667
13.066666666666666
3.6
3.3333333333333335
9.733333333333333
11.066666666666666
3.933333333333333
5.266666666666667
2.6
9.266666666666667
3.2666666666666666
6.6
10.266666666666667
7.2
4.666666666666667
5.0
4.733333333333333
9.2
3.466666666666667
7.933333333333334
6.8
22.266666666666666
1.4
9.666666666666666
8.733333333333333
5.2
2.533333333333333
4.933333333333334
9.4
5.133333333333334
4.466666666666667
4.0
8.2
4.666666666666667
4.6
3.2
5.933333333333334
5.866666666666666
11.133333333333333
4.266666666666667
3.2
6.6
9.0
20.6
12.866666666666667
12.733333333333333
10.933333333333334
4.533333333333333
6.733333333333333
3.2666666666666666
10.466666666666667
6.8
5.933333333333334
1.1333333333333333
3.1333333333333333
3.4
6.533333333333333
9.6
5.333333333333333
2.4
8.333333333333334
14.466666666666667
10.533333333333333
2.6
3.6
10.733333333333333
3.7333333333333334
2.2
7.333333333333333
2.7333333333333334
11.266666666666667
9.266666666666667
17.0
2.3333333333333335
3.533333333333333
4.733333333333333
7.666666666666667
1.8666666666666667
3.4
5.866666666666666
1.8
8.266666666666667
7.933333333333334
11.533333333333333
1.6666666666666667
2.6666666666666665
9.0
4.866666666666666
4.2
1.3333333333333333
8.733333333333333
6.6
12.533333333333333
1.2
8.733333333333333
7.4
2.933333333333333
4.066666666666666
5.466666666666667
8.466666666666667
2.6666666666666665
0.5333333333333333
5.4
4.533333333333333
4.733333333333333
1.4666666666666666
3.3333333333333335
11.533333333333333
3.4
14.2
2.6
0.8
5.2
8.066666666666666
12.933333333333334
5.466666666666667
9.333333333333334
3.466666666666667
3.533333333333333
7.4
11.0
6.333333333333333
3.933333333333333
4.466666666666667
2.8
6.2
1.6666666666666667
6.733333333333333
9.0
2.466666666666667
0.8
0.06666666666666667
7.333333333333333
3.0
6.4
3.533333333333333
4.133333333333334
12.4
2.8
4.6
6.133333333333334
6.933333333333334
4.066666666666666
3.8666666666666667
2.4
5.933333333333334
6.466666666666667
3.066666666666667
1.4
7.733333333333333
11.2
2.2
5.266666666666667
6.0
8.066666666666666
3.933333333333333
11.133333333333333
6.0
3.933333333333333
3.0
6.6
3.0
4.733333333333333
2.2666666666666666
4.0
2.8
13.933333333333334
7.866666666666666
4.4
2.2
6.066666666666666
3.3333333333333335
17.933333333333334
0.8666666666666667
4.133333333333334
3.066666666666667
3.4
1.1333333333333333
4.2
4.733333333333333
10.0
13.066666666666666
16.066666666666666
2.3333333333333335
4.4
10.733333333333333
5.133333333333334
3.6
9.733333333333333
1.3333333333333333
10.333333333333334
0.8666666666666667
7.666666666666667
1.1333333333333333
3.066666666666667
9.533333333333333
6.6
9.2
5.133333333333334
3.066666666666667
6.8
4.066666666666666
2.6
14.333333333333334
9.2
5.866666666666666
3.1333333333333333
10.8
7.666666666666667
1.8666666666666667
7.666666666666667
4.8
6.133333333333334
10.333333333333334
8.666666666666666
16.0
15.066666666666666
5.4
4.933333333333334
0.8666666666666667
6.533333333333333
4.866666666666666
20.266666666666666
9.2
4.133333333333334
0.4
2.4
5.6
5.066666666666666
5.933333333333334
2.0
1.8
3.1333333333333333
1.8666666666666667
3.533333333333333
3.466666666666667
4.2
3.1333333333333333
6.466666666666667
8.866666666666667
1.4666666666666666
5.133333333333334
5.933333333333334
9.666666666666666
1.6666666666666667
4.533333333333333
18.733333333333334
8.2
1.7333333333333334
3.8666666666666667
3.8666666666666667
5.066666666666666
12.933333333333334
3.6666666666666665
3.6666666666666665
8.333333333333334
12.666666666666666
8.533333333333333
4.466666666666667
6.733333333333333
3.7333333333333334
3.6666666666666665
4.066666666666666
5.933333333333334
2.8666666666666667
7.333333333333333
3.466666666666667
4.733333333333333
10.866666666666667
5.933333333333334
4.066666666666666
3.4
7.333333333333333
15.266666666666667
0.2
11.466666666666667
10.533333333333333
2.2
3.6666666666666665
3.4
0.9333333333333333
3.3333333333333335
2.933333333333333
5.266666666666667
4.533333333333333
3.8666666666666667
3.1333333333333333
3.3333333333333335
6.4
7.866666666666666
0.6666666666666666
4.933333333333334
8.466666666666667
3.066666666666667
5.266666666666667
7.733333333333333
12.4
7.533333333333333
15.666666666666666
18.266666666666666
4.333333333333333
8.266666666666667
5.666666666666667
7.8
4.666666666666667
3.2666666666666666
6.333333333333333
1.6
5.866666666666666
3.2
6.0
7.533333333333333
2.6666666666666665
4.933333333333334
7.066666666666666
3.0
4.133333333333334
11.866666666666667
7.4
2.466666666666667
2.2
7.0
1.2666666666666666
2.533333333333333
21.466666666666665
4.4
10.6
7.333333333333333
8.666666666666666
6.066666666666666
5.333333333333333
10.533333333333333
4.533333333333333
4.866666666666666
3.2
0.3333333333333333
8.2
9.2
9.0
3.8666666666666667
2.6
9.4
2.066666666666667
3.8666666666666667
4.733333333333333
3.4
3.1333333333333333
5.6
2.466666666666667
2.1333333333333333
3.4
6.266666666666667
4.2
2.8
6.0
6.333333333333333
4.533333333333333
8.6
2.6666666666666665
3.3333333333333335
5.733333333333333
5.8
2.7333333333333334
1.8
2.2
2.8666666666666667
0.4
1.2666666666666666
7.666666666666667
1.6666666666666667
3.8
4.133333333333334
7.6
6.333333333333333
5.4
3.8
12.733333333333333
4.533333333333333
12.533333333333333
3.6
2.4
10.866666666666667
3.8
3.6666666666666665
7.6
1.1333333333333333
6.733333333333333
3.933333333333333
4.933333333333334
7.4
5.133333333333334
4.533333333333333
14.933333333333334
3.2666666666666666
17.4
2.2666666666666666
3.4
10.466666666666667
6.333333333333333
5.8
3.7333333333333334
11.733333333333333
4.133333333333334
1.4
6.666666666666667
2.3333333333333335
3.3333333333333335
5.8
3.6
6.733333333333333
6.466666666666667
1.6666666666666667
2.066666666666667
4.8
8.4
2.1333333333333333
2.533333333333333
2.6666666666666665
2.6666666666666665
6.933333333333334
5.4
7.6
3.8
10.4
0.8666666666666667
4.266666666666667
9.666666666666666
7.466666666666667
5.333333333333333
1.0
3.066666666666667
2.066666666666667
15.133333333333333
4.666666666666667
5.666666666666667
5.8
4.666666666666667
4.666666666666667
1.4666666666666666
1.3333333333333333
7.066666666666666
11.2
10.8
6.8
8.133333333333333
2.8666666666666667
6.333333333333333
5.066666666666666
10.133333333333333
4.266666666666667
2.8
6.933333333333334
6.933333333333334
3.466666666666667
3.466666666666667
9.666666666666666
15.066666666666666
11.2
14.4
2.2666666666666666
8.333333333333334
4.666666666666667
13.133333333333333
12.6
3.1333333333333333
7.466666666666667
8.2
0.5333333333333333
4.733333333333333
8.2
4.333333333333333
2.8666666666666667
4.533333333333333
11.8
6.466666666666667
4.466666666666667
6.133333333333334
6.6
1.6
2.933333333333333
2.2
4.8
4.8
9.0
4.2
3.0
2.1333333333333333
5.266666666666667
2.4
9.666666666666666
12.933333333333334
5.4
15.4
1.4
5.333333333333333
7.4
3.933333333333333
10.466666666666667
4.6
5.2
9.8
4.133333333333334
8.266666666666667
4.8
3.6666666666666665
2.8
6.733333333333333
4.2
8.666666666666666
4.6
2.6666666666666665
5.533333333333333
17.933333333333334
14.4
2.066666666666667
6.066666666666666
7.2
6.533333333333333
8.733333333333333
5.066666666666666
5.8
7.733333333333333
5.333333333333333
9.0
7.0
8.8
2.8
